1.0016
0.99718
0.99734
0.99671
1.0052
1.0044
1
0.99953
0.99593
1
1.0059
0.99859
0.99734
1.0045
1.0023
0.99875
1.0008
0.99812
0.99609
1.0014
0.99499
0.9989
0.99734
1.0008
1.0052
1
0.99593
0.99953
0.99708
0.99875
0.99249
1.002
1.0011
0.99875
1.0069
0.99859
0.99781
0.99906
0.99781
0.99859
1.0038
1.003
0.99953
0.99968
0.99562
1.0008
1.0017
1.0023
0.99828
1.002
0.99343
1.0038
0.99859
0.99796
1.0036
0.99968
1.0014
0.99437
0.99667
0.99982
0.99859
0.99818
0.99812
1.0045
0.99906
1.0003
0.99452
1.0047
0.99953
0.99468
0.99765
0.99828
0.99828
0.9989
1.0006
1.0005
0.99859
1.0011
1.0027
1.0016
0.99843
0.99828
0.99624
1
1.0038
0.99921
1.0005
0.99687
1.0006
0.99734
1.0023
0.99749
0.99796
0.99687
0.99812
0.9989
1.0003
1.0019
0.99796
0.99953
0.99796
0.9964
0.9989
0.99953
0.99781
1.0036
0.99218
1.0008
1.0019
0.9989
0.99937
1.0005
1.0044
0.99875
1.0023
1.0006
1.0042
0.99953
1.0005
1.0002
1.0031
0.99828
1.01
0.99749
1.0041
1.002
0.99796
0.9989
1.0022
0.99984
0.99828
0.99875
0.99968
1.0019
1.0012
0.99667
1.0023
0.99577
0.99749
1.003
0.99843
0.99781
1.005
0.99656
0.99546
1.0078
0.99468
0.98999
1.0022
0.99984
1.002
1.0067
0.99577
1.0083
0.9939
0.99937
0.99718
0.99624
0.99734
0.99233
1.0033
0.99718
1.0017
0.99796
0.99358
0.99828
1.0006
1.0019
0.99859
1.0031
0.99593
0.99875
1.0017
0.99749
0.99953
0.9989
1.0017
0.99984
1.0019
1.0014
1.0017
0.99921
1.0077
1.0005
1.0003
1.0044
0.99859
0.99875
0.99984
1.0044
1.0033
1.0033
1.003
0.99875
1.0002
0.9989
0.99437
1.002
1.0025
1.0014
1.0011
1.0014
1.0012
1
1.0019
0.9964
1.0008
0.99859
0.99828
1.0016
1.0025
0.99718
0.99968
1.0059
0.9939
0.99796
0.99765
0.99593
0.9964
0.99202
0.99937
1.0003
1.0003
0.99984
0.99937
0.99875
0.99515
1.0042
1.0008
1.0003
0.99953
0.99577
1.0014
0.99921
1.0014
1.0016
0.99593
1.0019
0.99984
1.0017
1.0027
0.99859
0.9989
0.99937
1.0028
1.0027
0.99671
1.0011
1.0044
0.99796
1.0044
0.99859
0.99749
1
0.99781
1.0003
0.99921
1.0017
1.0016
0.99718
0.99577
0.99593
0.9964
0.99859
1.0003
0.99906
0.99828
0.99859
0.99624
1.0006
0.99843
0.99624
0.9939
1.0006
1.0061
1.0014
1.0025
0.99937
0.99702
0.99953
1.0066
1.0063
1.0003
1.0034
0.99593
0.99546
1.0008
1
0.99718
1.0009
0.99546
1.0055
1.0033
1.0041
0.9989
0.99546
0.99968
1.0028
1
1.0033
1.0036
0.99483
0.99859
1.0039
0.99546
0.99937
0.99515
0.99687
0.99609
0.99468
0.99702
0.99546
1.0006
1.0006
0.99593
0.99812
1.0033
1
0.99968
0.99906
1.0086
1.0005
1.0003
1.0008
1.0022
1.0045
0.99937
0.99718
0.99781
0.99749
0.9989
1.0006
1.002
1.003
0.99812
1.0033
1.0019
0.99828
0.99687
0.99734
1.0027
1.0003
0.99765
0.99515
0.99374
0.99624
1.0027
1.0002
0.99828
0.99968
0.99702
0.99859
0.99781
0.99749
0.99546
0.99921
0.9989
0.99937
0.99937
0.9989
0.99828
0.99749
0.99483
0.99577
0.99734
0.99671
0.99796
1.0025
1.0023
1.0031
1.0028
0.9964
1.0023
1.0027
0.99609
1.002
0.99765
0.99906
0.99937
0.99984
0.99875
0.99593
1.0011
1.0039
0.99483
0.99859
0.99718
0.99921
0.99311
0.99671
0.99953
1.0055
0.99656
1.002
0.9989
0.99734
1.0014
1.0002
0.99937
1.0025
0.99859
0.99812
0.99937
1.0017
1.0036
1.0047
1.0044
0.99671
0.99812
1.0063
0.99092
1.0036
1.0019
1.0012
1.0014
1.0006
0.99718
0.99937
1.0027
0.99734
0.99702
1.0044
1
1
1.0063
0.99921
1.0011
0.99687
1.0005
1
1.0041
1.0048
0.99343
0.99843
0.99812
0.99843
1.0003
1.0055
0.99921
1.0044
1.0016
0.99828
0.99968
1.0017
0.99968
1.0025
0.99843
0.99546
1.0005
0.99671
1.0025
1.0014
1
1.0003
1.0069
1.0008
1
0.99702
1.0003
1.0023
1.0033
1.0031
0.99781
1.0014
0.99828
1.0063
1.0033
0.99781
1.0008
0.99953
1.0009
0.99624
1.0008
0.99968
1.0003
1.0002
1.0009
1.0002
1.0006
1.0027
1.0019
1.0006
0.99718
0.99906
0.99875
0.99624
0.99937
0.99562
1.0023
1.0011
0.99687
0.99937
1.0045
1.003
0.99812
1.0033
0.99593
1.0003
0.99812
1.0017
0.99968
1.0041
0.99577
0.99656
0.99546
0.99796
0.99718
1.0011
1
1.0012
1.0017
0.99374
1.0033
0.99499
0.9964
0.99108
0.99781
1.0045
0.99921
1.0012
0.99875
0.99906
0.9989
0.99687
0.9964
0.99921
0.99421
0.99984
0.99968
0.99906
0.99781
0.9964
0.99984
0.99593
0.99953
0.99718
0.99515
0.99656
0.99828
1.0058
0.99937
1.0005
0.99812
0.99734
1.0003
0.99875
0.9989
1.0006
1.0017
1.0003
0.99155
1.005
1.0002
0.99921
0.99921
0.9953
0.99859
0.99702
0.99968
0.99796
0.99702
0.99781
0.99984
1.0031
0.99593
0.99702
1.0034
1.0012
1.0058
0.99828
1.003
0.99906
1.0017
0.99875
1.0066
1.0019
0.99562
0.99702
1.0012
1
0.99734
0.99843
1.0031
1.0016
1.0005
0.99562
1.0023
0.99875
0.99515
0.99953
1.0036
0.99499
0.98967
1.0003
0.99671
0.99796
0.99843
0.99828
0.99765
1.0017
1.0002
0.99906
0.99828
0.99343
0.99734
1.0081
1.002
1.0012
0.99609
0.99828
0.99671
0.99499
0.99968
1.0014
0.99656
0.99327
1
0.99671
0.99718
0.99702
0.99796
0.98842
1.0008
1.0006
0.99796
1.0016
0.99921
1.0011
0.9964
0.9939
0.99796
0.99984
1.0028
0.99452
0.9989
1.0036
1.0041
1.0034
1.0048
1.0005
0.99875
1.0011
1.0033
1.0033
0.99702
0.99828
0.9939
0.99421
0.99718
1.0016
1.0064
0.99796
1.0023
0.99937
1.0009
0.99562
1.0005
1.0003
0.99671
0.99843
1.0038
0.99921
1.0044
0.99937
0.99483
0.99843
0.9989
0.99593
1.0031
0.9989
0.99734
1.0019
0.99734
1.0042
0.99656
1.0016
1.0006
0.99734
1.0012
0.99671
1.0023
0.99702
1.0023
0.99953
0.99358
0.99968
0.99843
1.0034
0.99702
0.99264
0.99812
0.99906
1.0012
0.99812
0.99577
0.99718
0.99546
1.0025
1
1.0022
0.99437
1.0023
1.0005
1
1.0033
0.99921
0.99875
1.0039
1.0077
1.0017
1.002
1.0014
0.99421
1.0055
0.99421
0.99906
0.9989
0.99562
1.0036
1.0011
0.9989
0.99968
0.99749
0.99718
0.99452
1.0031
1
1.0036
1.0014
1
1.0009
0.9989
0.99953
1.0009
0.99452
0.99968
0.99812
0.99765
0.99343
1.0009
1.0003
1.0012
0.99984
0.99687
0.99906
1.0012
0.99843
1.0003
0.99828
0.99921
1.0033
1.0009
0.99702
0.99812
1
0.99796
1.0022
1.008
1.0023
0.99702
0.99906
1.0039
1.0053
1.0003
0.99687
0.99968
0.99921
0.99984
1.0008
1.0008
1.0006
1.0012
1.0023
1.0003
0.99734
1.0002
0.99875
1.0009
1.0019
1.0028
0.99828
0.99656
1.0027
1.0003
0.99828
1.0031
1.0006
1.0086
0.99953
0.99906
1.0023
0.99562
1.0003
1.0016
0.99906
0.99968
1.0002
1
1.0023
1.0012
1.0033
0.99671
0.99796
0.99968
1
1.0002
0.99671
1.0016
0.99781
0.99296
0.99749
1.0002
1.0016
0.99828
1.0045
0.9989
0.9953
0.9964
0.99968
0.99968
0.99468
1
0.99671
0.99859
0.99828
0.99796
1.002
0.99843
0.99968
0.99937
1.0006
0.99077
1
0.99374
1.0039
0.99593
1.0008
1.002
0.99843
1.0005
0.99843
1.0025
1.0002
0.99906
0.99937
0.9953
1.0002
0.99875
1.0017
0.99937
1.0023
0.99374
1.0022
0.99077
0.9989
0.99937
1.0019
0.9964
1.002
0.99702
0.99718
1.0033
0.99843
1.0002
0.99186
0.99968
1
1.0009
1.0063
0.99937
0.99781
0.99906
1.0008
1.0053
0.99749
1.0011
0.99906
1.0016
1.0002
0.99687
0.99358
1.0012
0.99921
0.99749
1.0053
1.0056
1.0031
0.99875
0.99937
1.0022
1.0048
1.0045
0.99421
1.002
1.0014
0.99718
1.002
1.0022
0.98873
1.0048
0.99249
1.0036
0.99953
0.99656
0.99718
1.0033
1.0012
1.0008
0.99734
0.99875
1.0052
1.0041
1.007
0.9953
1.0016
0.99875
1.0005
1.0059
1.0028
1.0008
1.0031
0.99546
1.0023
0.99953
0.99765
1.0022
1.0005
0.99968
1.0028
0.9989
1.0061
1.005
0.99624
0.9989
0.99499
1.0055
1.0003
1.0059
0.99781
0.99734
1.0044
1.0034
0.99953
0.99937
0.99765
1.0019
1.0022
1.0033
1.0041
1.0003
1.0028
0.99937
0.99577
1.0003
1.0033
0.99796
1.0031
1.0019
1.0052
1.003
0.99812
0.99749
1.0017
0.99906
0.99859
0.99765
1.0038
1.0005
1.0008
1.0003
0.99358
0.99609
1.0016
1.0006
0.99781
1.0019
0.99921
0.99202
0.99765
0.99624
0.99781
1.003
0.99624
0.99171
0.99921
1.0014
0.99671
1.0006
0.99828
0.99875
1.003
0.99671
0.99577
0.99515
0.99765
1.0042
0.99562
0.99859
0.99577
1.0067
0.99734
1.0045
0.99609
1.0038
1.0061
0.99984
1.0003
1.0022
0.99875
0.99812
0.99687
0.99859
0.99656
1.0014
1.0061
1.0017
1.0008
1.0038
1.003
1.0002
1.0061
0.99311
1.0025
0.99499
1.0009
1.0012
0.9953
1.0005
0.99937
0.9953
1.0017
0.99875
0.9989
0.99437
0.99765
1.0017
0.99734
1.0011
1.0023
1.0069
1.002
1.0003
0.99765
0.99875
0.99702
0.99687
1.0019
0.99968
0.99953
1.0002
1.0009
0.99734
0.99546
1.0038
0.99921
0.99828
0.99656
1.0048
0.99812
0.99656
1.0034
1.0005
1.0033
1.0025
0.99953
1.0036
1.0025
1.0038
0.99875
1.0022
1.0052
0.99796
0.99859
0.99609
0.99656
0.99718
0.99812
1.0027
1.0031
0.99734
1.0031
1
0.99875
0.99749
1.0006
0.99812
0.99765
1.002
1.0006
1.0014
1.0033
0.99875
1.0052
0.99875
0.99702
1.0022
1.0086
0.99468
0.99875
1.0033
0.99968
1.0023
1.0023
0.99765
0.99812
1.0012
0.99421
1.0016
1.0002
1.0005
0.9989
0.99968
1.0027
0.99734
1.0042
0.99483
0.99687
0.99468
1.0045
0.9964
0.99593
0.9953
1.0045
0.99296
0.99859
1.0045
1.0008
1.002
0.99953
1.0002
0.99562
0.99859
0.99984
1.002
0.99875
0.99609
1.0031
0.99796
0.99734
1.0005
0.99327
0.99749
0.99781
1.0005
0.99875
0.99468
1.0048
0.99828
1.0033
0.99875
1.0005
0.99437
0.99734
1.0031
0.99937
0.99687
1.0011
1.0011
1.0019
0.99765
0.9964
1.0002
0.99796
1.0005
1.0016
0.9964
1.0006
1.0008
0.99577
0.99749
0.99593
1.0038
1.0009
0.99875
0.99671
0.99734
1.0006
1.0039
1.0041
0.99499
1.0042
1.0016
1.0014
1.0027
0.99843
0.99562
1.0036
0.99249
0.99796
0.9964
0.99921
1.0023
0.99734
1.0003
1.0023
1.003
0.9928
1.0028
0.99937
0.99796
0.9989
0.99781
1.0014
1.0022
1.0058
0.99718
0.99624
1.0023
1.0008
1.0017
1.0012
1.0012
1.0019
0.99515
0.99859
1.0027
0.99702
0.99843
1.0009
0.99843
0.99906
0.99937
0.99859
1.0012
1.0011
0.9989
1.0041
1.0045
1.0016
1.0002
1.0012
0.99906
0.99624
1.0002
0.99875
1.0014
1.0014
1.005
1
0.99656
0.99828
0.99937
0.99437
1.0019
0.99843
0.99843
1.0019
1.0048
1.0017
1.0042
0.99687
1.0027
0.99687
1.0042
0.99499
1.0045
0.99968
0.99843
0.99843
1.0011
0.99937
1.0002
1
1.008
1.0005
1.0027
0.99984
0.99875
1.0019
0.99921
0.99843
1.0081
1.0019
1.0017
0.99968
0.9989
0.99358
0.99921
1.0056
0.99984
1.003
1.0028
0.99984
0.99968
1.0009
1.0052
0.9964
0.9989
1.0023
1.0009
0.99859
0.99671
0.99968
0.99859
0.99483
0.99702
0.99656
1.0016
1.0039
0.99953
1.0031
0.99218
1.0006
0.99749
1.0017
1.0041
1.0006
0.99718
0.99656
0.99374
0.99812
0.99749
1.0031
0.99875
0.99984
1.0016
1.0066
0.99937
1.0003
0.99577
0.99906
1.0047
0.99796
1
0.99953
1.0027
1.0012
0.99749
1.0047
1
1.0034
0.99937
0.99937
0.99796
1.0045
1.0019
1.0027
1.0025
0.99843
1.0014
1.0008
0.99734
0.99687
1.0009
1.0019
0.99781
0.99734
0.99937
0.99796
0.99843
1.005
0.99483
0.99796
1.0041
0.99984
1.0038
1.005
1.0008
1.0031
0.99749
0.99968
0.99968
0.99577
0.99875
1.0012
1.0011
1.0027
0.99734
0.99421
0.99577
1.0027
1.0019
0.99546
0.9989
1.0022
1.0009
1.0023
1.0008
0.99515
0.99546
0.9989
1.0055
1.0022
1.0012
0.99515
1.0003
1.002
0.99875
0.99828
1.0005
1.0012
0.9989
1.0012
0.99828
0.99296
1.0008
0.99781
1.0002
1.0041
0.99609
0.99812
0.99859
1.0012
1.0027
1.0017
0.99781
1.002
1.0033
0.9928
0.99718
0.99358
1.0045
1.0009
1
0.99781
0.99546
1.0002
1.0012
0.99765
0.99749
0.99624
0.99624
0.99264
1.0014
1.0012
1.0006
1.0008
1.0034
0.99577
1.0033
1.0038
1.0019
1.0019
0.99687
1
0.99921
1.0016
0.99828
0.99843
0.99781
1.0053
0.99687
1
0.99734
1.0006
0.9989
1.0025
1.005
1.0045
1.0022
0.99781
1.003
0.99452
0.99593
1.0039
1.0036
1.0022
0.99765
1.002
1.0002
0.99875
0.99452
0.99953
0.99749
1.0006
1.0031
0.99843
1.0012
0.99218
1.0016
1.0009
1.0022
0.99343
1.0011
1.0022
1.0027
0.99812
0.99984
0.99828
1.0023
0.99968
1.0005
1.0016
0.99734
0.99593
1.003
1.0006
0.99656
0.99812
0.99702
0.99984
1.0008
1.002
0.99218
0.99968
1.0028
0.99734
0.99859
1.0048
0.99108
1.0025
0.9953
0.9953
0.99937
1
0.99577
0.99968
0.99358
1.0027
0.99562
0.99875
1.0055
0.99984
0.99843
0.99984
0.99968
1.0016
0.99953
1.0038
1.0063
1.0011
1.0012
0.99812
0.99937
1.0002
0.99687
0.99734
1.0036
0.99828
1.0031
0.99921
0.99968
0.99593
0.99765
0.99577
1.0016
1.0016
1.003
0.9964
1.0006
1.0008
0.99875
1.0036
1.0005
0.9964
1.0073
1.0025
0.99656
1.0008
0.99921
0.99937
0.99921
1.0005
1.0017
0.9964
0.99968
0.99781
0.99327
0.99828
1.0027
1.0008
0.99765
0.99765
1.0003
0.99984
0.99656
0.99609
0.99953
0.99577
0.99609
0.99984
0.99499
0.99937
0.99812
0.99921
0.99906
0.99624
1.0044
0.9964
1.0003
1.003
1.0033
1.002
0.99781
0.99702
1.0006
1.0008
1.0064
0.99765
0.99624
0.99749
1.0009
0.99609
0.99937
0.99968
0.99749
1.0056
1.0012
0.9903
0.99875
1.0069
0.99859
1.0016
1.0056
0.99781
0.99953
0.99656
1.0053
1.0019
1.002
0.99859
1.0047
1.0048
1.0002
0.99906
1.0039
0.99749
0.9953
1.0027
1.002
1
1.0036
1.0012
0.99718
0.99734
1.0041
0.99781
0.99734
1.0063
0.99311
0.99968
0.99734
0.99953
1.0016
1.0019
0.99562
1.0028
0.99139
1.0027
0.99546
1.0002
0.9989
0.99937
0.99749
0.99906
1.0045
0.99968
0.99984
1.0016
0.9964
0.99906
1.0039
0.9989
1.0022
1.0017
1.0017
1.0025
1.0055
1.0023
0.99765
0.99781
1.003
0.99624
1.002
1.0027
1.0006
1.0052
1.0078
0.99734
0.99968
1.0027
0.99968
1.0002
0.99781
1.0002
1.0027
0.99609
1.003
0.99843
1.0014
1.0028
0.99749
1.0042
1.0008
1.002
1.0061
1
0.99468
1
1.0099
0.9964
1.0012
1.0034
1.0045
1.0008
0.99843
0.99859
0.99968
1.0048
1.0014
1.0003
1.0003
1.0034
0.99984
1.0028
1.0012
1.0016
1.0023
1.0008
1
1.002
1.0034
0.99765
1.0016
0.99781
0.99687
0.99609
1.0036
1.0005
1.01
1.0012
0.99984
0.99749
1.0012
1.0017
1.002
0.99984
1.0008
0.99843
0.99921
1.0014
0.99765
0.99468
1.003
1.0017
1.0031
1.0047
0.99875
1.0025
0.99687
1.0064
0.99499
1.0002
0.99421
0.99921
1.0002
0.99859
0.99906
0.99702
0.99875
1.0016
1.0022
0.99953
0.99437
1.0031
1.0012
1.0063
0.9953
1.0016
1.0027
0.99843
1.0048
1.002
1.0022
1.0016
0.99483
1.0022
0.99796
1.0056
1.0019
0.99718
1.0003
1.0012
1.0011
1.0025
1.0002
0.99781
1.0061
1.0064
1.0025
1.0011
1.0009
0.99812
1
0.99859
1.0034
0.99828
1.0047
0.99859
1.0009
1.0028
0.99984
0.99812
1.0009
1.002
1.0036
1.0016
1.0025
0.99875
0.99796
0.99828
1.0014
1.0008
1.0055
0.99796
1.0014
0.99609
1.0022
1.0002
1.0008
0.99937
1.0034
0.99781
0.99577
0.99749
0.99702
1.0053
0.99781
0.99593
0.99984
0.99546
0.99875
1.0036
0.99681
0.99667
0.9939
0.99546
1.0023
0.99656
0.99483
0.99843
1.0028
0.99734
0.99421
1.0017
0.99734
0.99968
0.99843
1.0012
0.99859
0.99796
0.99515
1.0039
1.0006
1.0012
1.0006
1.0022
0.99734
1.007
1.0028
0.99609
0.99812
0.99906
1.0058
1.0009
1.0034
1
0.99937
1.0034
0.99875
1.0019
1.0038
0.99937
0.9964
1.0006
0.99859
0.99671
0.99937
1.0019
0.99812
1.0011
1.0002
1.0034
1.0003
0.99953
0.9903
1.0034
1.0006
0.99828
0.9989
0.99968
1.0006
1.0034
0.99249
1.0019
0.9989
0.99921
0.99499
0.9964
1.0008
0.99609
1.0022
0.99875
0.99796
1.0028
0.99921
1.0005
1.0019
1.0005
0.99609
0.99968
1.0048
1.0028
1.0059
0.99656
0.99984
1.0033
1.0033
0.99812
1.0017
1.0011
1.0042
1.0008
0.99421
1.003
0.99906
1.0016
0.99781
1.0011
1.0006
1.0011
0.99843
1.0036
1.0012
1.0009
0.99781
1.0031
1.0045
1.0008
0.9964
0.99781
1.0011
0.99421
0.99749
0.99812
1.0091
1.0009
0.99828
0.99734
1.0064
1.0036
1.0031
0.99937
0.99921
1.0011
1.0047
1.0064
0.99859
1.0022
1.0027
1.0017
1.0005
0.99906
0.99906
0.99577
1.0086
1.0014
1.0036
0.99984
1.0017
0.99577
1.0039
1.0028
0.99875
0.99624
0.99734
0.99953
0.99656
1.0009
1.0009
1.0042
0.99796
1.0014
0.99609
0.99953
1.0028
1.0005
1.0067
1.0058
0.99921
1.0064
1.002
1.0045
1.0028
1.0009
0.99796
1.0008
1.0041
1.0083
0.99828
1.0008
0.99734
1.0042
1.0008
1.0039
0.99249
0.99671
1.0039
0.99233
1.0017
0.99718
0.99577
1.003
0.99828
1.0014
1.0002
1.0056
1.0025
1.0002
0.99953
1.0006
0.99577
1.0038
1.0078
0.99562
0.99812
1.0031
1.0041
1.0027
1.0017
0.9989
1.0041
0.99765
0.99953
1.0039
0.99921
0.99953
0.99796
0.9964
1.0008
0.99859
0.99921
1.0042
0.99656
1.0014
1.0006
0.99702
1.0031
0.9939
1.0059
0.99953
1.0016
0.99515
0.99202
1.0011
1.0045
1.0069
0.99702
0.99468
0.99921
1.0027
0.99671
1.0009
1.0045
1.0017
0.99875
1
1.0019
1.0059
0.99984
1.0002
0.99656
1.005
1
1.0017
0.99405
0.99796
1.0031
0.99452
1
1.0002
0.99937
1.0011
0.99468
0.99546
1.0088
0.9953
0.99405
0.99984
1.0003
1.0009
1.0017
0.99921
0.99921
1.0005
1.0022
0.99734
0.99812
1.0023
0.99843
1.0064
0.99577
1.0041
1.0006
1.0006
1.0009
0.99734
1.0005
1.0039
0.99781
0.99937
0.99233
0.99577
0.99546
0.99437
0.99218
0.9989
0.99577
1.003
0.99875
1.0009
1.0003
0.99796
0.99921
1
1.0006
0.99765
1.0028
1.0003
1.0023
0.99749
1.0019
1.0042
1.0025
0.99937
0.99875
0.99843
1.0058
1.0009
1.0038
0.99984
0.99765
0.9928
0.99843
1.0044
1.0012
1.0011
1.0009
1.0034
1.0009
1.0031
0.99843
1.0014
1.0077
0.99968
1.0014
0.99671
1.0012
1.0019
1.0017
0.99843
0.99921
1.0016
0.99796
1.0003
0.99593
1.0028
0.99828
1.0047
1
1.0014
0.99921
1.0023
0.99609
1.0005
1.0055
0.99921
1.0019
0.99812
1.0027
1.0003
0.99828
0.99718
0.99421
1.0047
0.99468
1.0041
0.99906
0.99562
1.0022
1.003
0.99906
0.99483
1.002
0.99828
0.9964
0.99609
0.99593
1.0017
0.99718
1.0033
0.99468
1.0027
1.0006
0.99656
1.0017
1.0006
1.0048
0.99953
0.99921
0.99859
0.99968
0.99906
1.0039
0.99765
1.0061
1.0009
0.99687
1.0023
0.99577
1.0003
0.99875
0.99671
0.9928
1.0014
1.0022
0.99702
1.0002
0.99875
1.0012
1.0011
0.99796
0.99468
1.0009
1.0016
0.99671
0.99718
0.99968
0.99468
0.99937
1.0011
0.99843
0.99624
1.0083
0.99968
0.99859
1.0006
0.99859
0.99671
0.99311
0.99687
1.0067
1.0044
0.99358
0.99765
0.9964
0.99843
1.0006
0.99687
0.99968
0.99437
1.0009
0.99984
0.99984
0.99499
0.99624
1.0017
0.99859
0.99045
1.0006
0.99781
0.99875
0.99124
1.0017
0.99749
1.0061
1.0031
0.9989
0.99843
1.0055
1.0014
0.99906
0.99343
1.0009
1.0027
1.0003
0.99624
1.0019
1.0002
0.99843
1.0008
0.99671
0.99405
1.0002
1.0022
0.99921
1.0003
1.0038
1.0058
0.99859
1
0.99953
0.99953
1.0002
0.99828
1.0009
0.99812
0.99546
1.0011
1.0034
0.99765
0.99656
1.0008
0.99953
1.0002
0.99499
1.0005
1.0002
1.005
0.99562
1.0102
1.0025
1.0027
0.9964
1.0002
1.0047
1.0039
0.99781
1.0027
1.0061
1.0039
0.99875
0.99906
1.0008
0.999
0.99702
1.0031
0.99828
1.0017
0.99984
1.0031
0.99953
1.0061
1.0008
0.99843
0.99843
0.99921
0.99781
0.99718
1.0042
0.99859
0.98999
1.0045
1.0025
0.99906
0.99953
0.99718
0.99828
0.99828
1.0078
1.0041
1.0038
0.99968
1.0016
1.0045
0.99953
0.99749
0.99687
1.002
1.0033
1.0003
1.0005
0.99702
0.99984
1.0009
1.0045
1.0034
1.0081
0.99796
0.99718
1.002
0.99875
0.99859
0.99296
0.9989
0.99828
0.99687
1.0044
0.99765
0.9989
0.99812
1.0027
0.99624
0.99921
1.0042
1.0023
1.0016
1.0017
0.99859
0.99609
0.99796
0.99921
1.0017
1.0009
1.0044
1.0012
0.98999
1.003
1.0016
0.99937
1.0016
1.0055
1.0047
0.99483
1.0003
0.99421
1.0016
1.003
1.0014
0.99812
0.99781
1.0008
0.99749
1.0012
0.99984
0.99781
0.99859
0.99562
1.0017
1.0072
0.99796
0.99828
0.99953
1.003
1.0022
1.0011
0.99906
0.99765
0.99202
0.99702
1.0023
0.99968
1.0016
1.0055
1.0023
0.99906
1.005
0.99452
0.99781
0.99718
0.99687
1.0008
1.0003
1.0052
1.0011
1.0038
1.0005
1.0025
0.99765
0.9989
1.002
0.9989
0.99734
1.002
1.0006
1.0019
0.99953
0.99749
0.9964
1.0009
0.99796
1.0014
0.99984
0.99218
1.0009
0.99562
1.0023
0.99984
0.99499
0.99452
0.99671
1.0017
0.99202
0.99796
1.0017
0.99812
1.0028
1.0022
1.0011
0.99796
1.0056
0.99624
0.99264
0.9989
0.99656
0.99796
0.99984
1.0006
0.99734
0.99968
0.9928
0.9964
0.99374
1.0017
0.99906
0.99812
0.99953
0.99937
0.99953
1.0005
1.002
0.99421
0.99984
1.0008
0.99968
0.99828
0.99828
0.9939
1.0031
0.99765
1.0023
1.0022
0.99437
1.0055
0.99734
1.0006
1
0.9953
1.0008
1.003
1.0028
0.99765
1.0005
1.0106
0.99765
1.0014
1.0012
1.0005
0.99687
1.0023
0.99796
1.0006
0.99843
1.0008
1.0011
0.99828
1.0009
1.0006
1.0003
1.0009
0.99577
1.0002
1.003
0.99968
1.0061
1.0025
1.0003
0.99264
1.002
1.0033
0.99452
0.99875
0.99624
0.99859
0.99671
1.0058
1.0023
1.0011
1.0014
0.99765
1.0011
1.0034
1
0.99609
0.99906
0.99781
0.99515
1.0033
1.0055
0.9989
1.0025
1
0.99968
0.99546
0.99749
0.99828
0.99875
0.99734
0.99562
0.99609
0.99937
1.0036
1.0053
0.99968
1.0061
0.99921
0.99859
1.0017
0.9989
0.99953
0.99906
1.0041
0.99749
1.002
1.0017
0.99468
0.99437
0.99843
0.99765
1.0012
0.99781
0.99828
1
1.0053
0.99734
0.99671
0.9989
1.0028
1.0008
0.99734
1.0017
1.0102
1.0006
0.99984
1.0027
1.0014
0.99749
1.0017
1.0033
0.99765
0.99624
1.0008
0.99968
0.99718
1.0036
1.0008
0.99562
0.99875
1.0008
1.0019
1.0039
1.0006
0.99937
0.99828
0.99702
1.0016
0.99405
0.99906
1.0002
1.0011
0.99577
0.99968
1.0034
1.0025
0.9964
1.005
1.0053
1.003
1.0008
0.99374
0.9953
1.0009
1.0009
1.0008
1.0006
0.99968
1.003
1.0036
1.003
1.0003
0.99749
0.99953
1.0027
1.0064
1.0022
1.0005
1.0005
1.0002
1.0036
1.0041
1.0078
0.99812
0.99968
1.0017
1.0048
0.99702
1.0044
1.0003
0.99718
1.0017
0.99749
0.99843
0.9989
1.0069
0.99812
0.99202
0.99843
1.0019
1.0002
1.0003
0.99405
0.99953
1.0003
0.99233
1.0025
1.0005
0.99796
1.0022
0.99124
1.0002
0.99452
1.0009
1.0028
0.99859
0.99765
1.0063
1.0025
1.002
0.9989
1.0019
1.0009
0.99546
0.99687
1.0012
0.99859
0.99828
1.0036
1.0023
0.99984
1.0006
0.99812
1.0055
1
1.0002
0.99734
0.99828
1.0016
1.0027
1.0028
1.0006
0.99968
0.99374
1.0019
0.99577
1.0011
0.99937
0.99953
1.0016
0.99765
1.0031
1.0006
0.99843
1.0072
0.99906
0.98967
0.99609
1.0008
0.99671
0.9953
1.0006
0.99702
0.99671
0.99984
1.0031
1.0019
1.0005
0.99749
0.99781
1.0052
1.0002
0.99609
0.99859
0.99593
1.0016
1.0072
1.0041
0.99921
1.0017
1.0027
1.0005
1.0014
1.0009
1.0019
0.99875
1.0009
1.0014
0.99765
0.99968
0.99671
0.99577
0.99921
0.99921
0.99968
1.0012
0.99812
1.0008
1.0006
0.99968
1.0058
0.99906
1.0041
1.0055
0.99702
1.0019
0.99749
1.0008
0.99687
1.0044
0.99437
1
1.0023
1.002
1.0009
1.0002
1.0006
0.99875
0.99921
1.0031
1.0034
0.99968
1.0005
1.003
0.99593
1.0012
0.99968
1.0002
0.9964
1.003
1.0072
0.99875
1.0064
1.0016
1.0023
1.0052
1.0039
0.9989
0.99937
0.99718
1.0039
0.99955
0.9989
0.99577
0.99734
0.99624
0.99781
1.0059
0.99859
0.99921
0.99765
1.0038
0.99421
1.0017
1.0006
0.99906
1.0039
0.99421
0.99718
0.99734
1
0.99765
1.0031
0.9964
1.0008
1.0042
1.0036
0.99875
1.0005
1.0041
0.99812
0.99984
1.0039
0.99875
0.99593
1.0045
0.99327
0.99405
1.0063
0.99571
0.9989
1.0027
0.99812
1.0006
1.0038
1.0005
0.99687
0.99734
1.0016
0.99718
0.99859
1.0047
0.99828
1.0017
1.0002
1.0075
1.0011
0.99984
1.0011
0.99875
1.0014
0.99749
0.99875
0.99437
0.9989
1.0017
0.99656
0.99781
0.99796
1.0003
0.99624
1.0011
0.99796
0.99921
1.0028
1.0002
0.99984
1.0039
1.0005
0.99843
1.0005
0.99968
0.99593
1.0014
1.0056
0.99796
0.99687
1.0016
1.0017
0.99749
1.0006
0.9953
1.0047
0.99749
0.99734
1.0012
0.99968
0.9989
1.0019
0.9953
0.99906
0.99702
0.99468
1.0028
1.0006
0.99843
0.99656
0.99968
0.99937
0.9989
1.0011
0.99656
0.99812
1.0027
0.99577
0.99609
0.99249
1.0052
1.0008
0.98842
0.99875
0.99843
1
1
0.99718
0.99859
0.99483
1.0025
1.0003
1
0.99593
0.99624
0.99593
1.0022
0.99468
1.0025
0.99875
0.99092
0.99953
1.0014
0.99937
0.99921
1.0006
0.99796
0.99765
1.0027
1.0025
0.99953
0.99796
1.0006
0.99906
0.99702
1.0005
0.99546
1.0006
0.99875
0.99875
0.99921
0.99921
1.0022
0.99828
0.99656
1.0017
0.99875
0.99828
0.99906
0.99937
1.0016
0.99593
0.99921
0.99421
0.9989
1.0014
0.99734
0.99859
0.99937
1.0009
0.99906
0.99781
1.0017
0.99749
1.0008
1.0042
0.99875
0.99828
0.99843
0.99437
0.99546
0.99421
0.99609
0.9953
0.99687
1
0.99812
0.99765
1.005
1.0025
1.0055
0.9964
1.0027
0.99421
0.99656
0.9989
1.0039
0.99702
1.0002
0.9989
0.99765
1.0005
0.99921
0.99656
0.99843
0.99875
1.0006
1.002
0.99921
0.99921
1.0016
1.0033
1.003
0.99796
0.99609
0.99921
0.99593
1.0056
1.0034
1.0002
0.99468
0.99859
1.0052
1.005
1.0044
1
1.002
1.0006
0.99906
1.0006
1.0022
1.0005
1.0039
1.0022
1.0006
0.9989
1.0028
0.99859
1.0005
0.99937
0.99734
0.99577
0.99937
1.0019
1.0022
1.0002
0.99421
1.002
1.0003
1
0.99687
1.0033
1.0014
1
1.0019
0.99546
1.0017
0.99671
0.99843
0.99718
0.99859
0.99953
0.99906
1.0012
1.0039
0.99921
1.0005
0.99562
1.0041
0.99921
0.99734
0.99968
0.99906
0.9989
1.0052
0.99968
1.0008
0.99953
1.0025
1.005
0.99702
1.0063
1.0027
0.99515
0.99937
1.0044
0.99593
0.99953
1.0066
1.0031
0.9989
1
1.0012
1.0016
0.99781
0.99828
1.0038
0.99765
0.99358
0.99875
0.99593
1.0002
0.99937
0.9989
1.0048
1.0058
1.0055
0.99984
0.99796
0.99921
0.99859
1.002
1.0002
1.0031
1.0028
1.0003
1.0011
1
1.0009
1.0012
0.99656
0.99656
0.99875
0.9989
0.9964
1.0003
0.99843
1.0017
1
0.99937
0.9964
0.99092
1.0028
1.002
1.0023
0.99906
1.0003
0.9989
1.0028
0.99921
0.99828
1.0019
1.0009
1.0048
0.99687
0.99609
1.0006
1.0006
0.99609
1.0022
0.99828
0.99953
0.99843
1.003
1.0008
1.0002
1.0009
1.0025
0.99953
0.99984
0.99749
0.99796
0.99828
1.0048
0.99718
1.0002
0.99139
0.99953
0.99765
1.0031
0.99765
1.0016
1.0027
0.99781
1.0002
0.99843
1.0016
1.0019
0.99843
1.002
0.99702
1.0052
0.99953
1.003
1.0025
1.0008
0.98999
0.99781
1.0034
0.9953
1.0009
0.99499
0.99843
0.99953
0.99781
1.0061
0.9989
0.99468
1.0028
1.0059
1.003
0.99577
0.99828
0.99499
0.99796
0.99796
0.9964
1.0017
1.0002
0.9964
0.99812
1.0008
1.0048
1.0017
0.99843
1.0009
1.0005
1.0025
0.99812
1.0063
1.0006
0.99781
0.99656
1.005
1.0008
0.99577
0.99656
0.99609
1.0047
1.0042
0.99968
0.99968
0.99781
0.99968
1.0022
1.0045
1.0066
1.01
0.99311
1.0012
0.99953
0.99781
1.0008
1.0011
0.99828
1.0023
0.99984
1.0044
0.99671
1.002
0.99812
0.99859
1.0019
0.99906
1.0028
0.99483
1.0033
0.99953
1.0036
1.0058
1.0019
1.0014
0.99624
0.99781
0.99812
0.99734
0.99483
0.99483
0.99718
1.0019
0.99968
1.0012
1.0017
0.99984
1.0009
0.9953
0.99562
0.99937
0.99702
0.99734
1.0008
0.99468
0.99828
1.0002
1.0014
0.99515
1.0042
0.99765
0.99702
0.99562
1.0016
0.99593
0.99984
1.002
0.99781
0.99796
1.0012
0.99984
1.0034
0.99953
0.99546
0.99875
1.007
0.99781
0.99968
1.003
0.99233
0.99765
1.0039
1.002
0.99984
0.99921
1.0003
1.0019
1.0003
0.99718
0.99828
0.99624
1.0016
0.99875
1.0031
0.99734
1.0033
0.99687
0.99765
1.0008
1.0034
0.99452
1.0017
0.99405
0.99875
1.0006
1.0039
0.99968
0.99687
0.99249
0.99875
1.0008
0.9953
1.0002
1
0.9953
0.99736
0.9989
1.0002
0.9953
1.0014
1.0039
0.99937
1.0009
1.0019
1.0023
0.99781
1.0011
0.99609
1.007
0.99781
1.0023
0.98905
1.0017
0.9964
1.0031
0.99953
1.0028
0.99327
0.99577
0.99843
1.0012
0.99609
1.0009
1.003
0.99812
0.9953
1.002
1.0027
1
0.99546
1.0003
0.99749
0.99405
0.99906
1.0006
1.0045
1.0011
0.99828
1.002
0.99953
1.0025
1.0003
0.99968
0.99515
0.99843
0.99687
1.0047
0.99812
1.0016
1.0052
1.0012
0.99921
0.99937
1.0005
0.99937
0.99859
0.9964
0.99906
0.99859
1.0058
0.99921
0.99906
0.99968
1.0017
0.99843
0.99843
1.0099
0.9953
1.0016
1.0025
0.99593
0.99927
0.99515
1.0008
0.99343
1.0047
0.99927
1.0025
1.0014
0.99968
0.99405
1.0008
0.99859
0.99734
0.99562
1.0023
0.99875
0.99734
1.0016
0.99515
0.99859
0.99405
0.99765
0.99718
0.99828
0.9989
1.0009
0.99843
0.99812
0.99671
0.99718
1.0002
0.99671
1.0003
0.99812
0.99984
1.002
0.99358
0.99875
1.0009
1.0038
0.99859
0.99749
0.99828
0.99875
1.0028
0.99718
1.0028
1.0048
0.99812
0.99374
0.99577
1.0006
1.0069
0.99264
1.0038
0.99812
0.99937
0.99953
0.99828
0.99483
1.0002
0.99937
0.99781
1.0016
1
1.0011
0.99796
0.99781
1.0014
0.99812
0.99546
1.0006
0.99624
1.0003
1.0009
0.9953
0.99796
0.99937
1.0002
1.0014
1.0036
1.003
1.0025
0.99656
1.0023
0.9989
1.0016
1.0014
1.0056
0.99812
1.0014
1.0022
1.0017
1.0005
0.99749
1.0011
1.0014
1.0058
1.0041
1.0028
0.99937
0.99828
0.99609
0.99937
1.0028
0.99765
1.0002
0.99765
0.99937
1.0039
1.0017
1
1.0014
1.0091
1.0064
1.0003
1.0005
0.99609
1.0022
0.99921
1.0056
1.0003
0.99796
1.0044
1
0.99875
0.99515
1.0034
0.99812
1.0009
1.0012
1.0009
1.0073
1
1.0028
1.0039
0.99843
1.0041
1.0019
0.9953
1.0025
1.0005
1.0038
1.0058
0.99843
0.99875
0.99859
0.99515
1.002
0.99781
1.0034
0.99812
1.0022
1.0044
1.0052
1.0055
1.0017
0.99953
0.9964
1.0027
1.0058
1.0011
1.0036
0.99718
1.0027
0.99984
1.0009
0.99765
0.99828
0.99765
1.0016
1.0011
0.99749
0.99796
1.0003
0.99812
0.99702
0.99656
1.0056
1.0038
1.0011
0.99875
0.99921
1.0095
1.0025
0.99765
1.0027
1.0006
1.0014
0.99671
0.99812
1.0023
1.0008
1.0012
1.0066
0.99828
1.0003
0.99921
1.0086
1.0011
0.99718
0.99687
1.0011
0.99921
1.0027
1.0023
1.0006
0.99968
1.0009
0.99749
1.0006
1.0075
0.99781
1.0006
1.0014
0.99718
0.9953
1.0056
1.0002
1.0011
0.99937
0.9989
1.002
0.9989
0.99421
1.0069
1.0005
0.99609
1.0027
0.99906
1.0003
1.0039
0.99452
0.99968
1.007
1.0019
1.0016
0.99984
0.99734
0.99812
0.99812
1.0006
0.99734
1.0042
0.99765
0.99859
1.0016
1.0006
1.0008
1.0012
1.0031
0.99202
0.99765
0.9953
1.003
1.0034
1.0042
0.99875
0.99953
1.0047
0.99953
1.0063
0.99796
0.99781
0.99687
1.0005
0.99671
0.99828
0.99734
1.0011
1.0008
0.99781
0.99921
1.005
0.99781
1.0022
1.0056
1.0039
1.002
1.0011
1.0003
1.0016
1.0025
1.0012
1.0033
0.99968
0.99656
1.0055
1.0005
1.0011
1.0031
1.0002
0.99218
1.0012
0.99765
1.0009
1.005
1.0052
0.99968
1.0036
0.99577
1.0038
1.0002
0.99718
0.99953
1.0095
0.99859
0.99906
0.99859
1.0017
1.0019
0.99765
1.0048
1.0005
1.0006
0.99358
0.99452
0.99405
1.0014
1.0059
0.99734
1.0036
1.0027
1.0002
0.99875
1.0009
1.0069
0.99327
0.99718
0.99734
0.99718
1.0008
1.0009
0.99609
0.99921
1.0039
0.99562
1.0008
1
0.99906
1
0.99984
0.99577
0.99921
0.99483
1.0044
1
0.99343
0.99921
0.99609
0.99718
1.0056
1.0027
1.0034
0.99906
1.0017
1.0027
0.99796
1.0012
0.99812
1.0014
0.99718
0.99843
1.0005
0.99921
1.0009
0.99859
1.0034
1
1.0005
1.0003
1.0048
1.0036
1.0056
1.0033
1.0017
0.99937
1.003
1.0014
0.98686
1.0066
1.0014
0.9989
0.99812
0.99921
1.0011
0.99718
1.0012
0.99875
0.99937
0.9989
0.99687
0.99499
0.99781
0.99906
0.99828
1.0006
0.99875
0.99984
0.99624
1.0011
0.99171
0.9989
1
0.99483
0.99953
0.99921
0.99968
1.0002
1.0039
0.99687
0.99624
0.99828
1.0011
0.99515
0.99968
1.0006
1.0011
1.0044
1.0006
1.0036
1.0002
0.99687
1.0061
1.0012
1.0025
1.0052
0.99687
0.99781
1.0031
1.0009
0.9964
1.0016
1.0023
0.99656
0.99921
0.99984
1.0034
1.0008
1.0042
1.0031
1.003
1.0012
0.9964
0.99562
1.0031
1.0012
1.0003
0.99311
1.0058
1
0.99749
0.99968
0.99781
1.0012
0.99749
1.0035
0.99873
1.0041
0.99671
0.99749
0.99421
1.0002
1.0009
1.0003
0.99921
0.99421
0.99937
0.99828
1.0005
0.99609
0.99749
1.0011
0.99906
0.99968
0.99765
1.0036
0.99921
0.99906
0.99218
0.9928
0.99968
0.99812
0.99937
0.99906
0.9964
0.9953
1.0009
1.0058
1.0025
1.003
0.99546
1.0011
0.99953
1.0033
1.0002
0.99984
1.0047
0.99468
1.0022
0.99796
0.99953
0.99937
1.0019
1.0044
1.0027
0.99749
1.0011
1.0041
0.99937
1.0009
0.99671
0.99577
0.9964
1
1.003
1.0016
0.99859
0.99906
1.0008
1.0014
0.99984
0.99968
1.0008
0.99718
0.99781
1.0002
0.99702
1.0006
1.0012
1.0006
1.0003
0.99968
1.0005
1.0009
0.99702
0.99968
0.99483
0.99421
1.0044
1.0072
0.99483
1.0011
0.99859
0.99937
1.0017
0.99781
1.0036
1.0016
1
0.99609
1.0022
0.99937
0.99859
0.99953
0.99984
1.002
1.0002
0.99968
0.99374
1.0017
0.99656
0.99812
1.0028
0.99921
0.99734
1.0016
0.99718
0.99859
1.0048
1.0067
1
1.0023
0.99562
1.0047
0.99984
1.0008
0.99968
0.99828
1.003
1.0017
0.99906
1.0027
1.0019
0.99781
0.99843
0.99687
1.0031
1.0038
0.99671
0.99937
1.0081
0.99859
1.0016
1.0019
0.99968
0.99859
0.9989
1.0012
1.0005
0.99781
1.0008
1.0027
1.0014
1.0056
1.0108
0.99624
1.0023
0.9989
1.0069
0.9964
0.99577
0.99593
1.0031
1.0045
1.0014
0.99859
1.0042
1.0003
0.99937
0.99953
1.0019
1.0039
0.99593
1.0003
0.99906
0.99781
1.003
1.0006
0.9989
0.99734
1.0031
0.99937
1.0042
1.0023
1.0011
1.0014
0.99828
0.99984
1.0055
1.0041
1.0005
0.99781
1.0011
1.002
1.0005
1.0014
0.99499
1.0003
1.0012
1.0036
1.0002
1.0042
1.0028
1.0002
1.002
1.0063
1.0045
0.99781
0.99515
0.9964
0.99968
1.0033
1.0031
0.99875
0.99781
1.0016
1.0044
0.99812
0.99546
0.99702
1.0025
1.0031
0.99765
1.0017
1.0027
1.0077
0.99577
1.0006
0.99875
1.0006
0.99671
0.99749
1.0053
1.0009
0.99906
1.0044
1.0022
1.0022
1.002
0.99718
0.9989
0.9964
0.99562
0.99296
1.0005
1.0053
0.99921
0.99968
1.0008
1.0003
1.0041
1.0022
0.99264
0.99968
0.9989
0.99405
1.0005
0.99077
1.0077
0.99906
1.0028
0.99702
1.0011
1.0002
0.99984
1.0008
0.9939
1.0036
1.0039
0.9953
0.99609
0.99828
0.99781
1.0014
0.99859
1.0047
1.0003
0.99546
1.0064
0.99421
0.99609
1.0012
0.99749
0.99702
1.0042
1.0053
1.0002
1.0002
1.0027
1.0005
0.99781
1.0006
1.0036
0.99828
1.0034
1.0058
0.99812
0.99718
1.0045
0.99953
1.0006
1.0025
0.99499
1.0017
1.0031
0.99953
0.99483
1.0012
1.0031
1.0022
0.99796
0.99875
0.99953
1.0056
1.0006
1.0017
0.99921
0.99483
1.0045
1.0092
1.003
1.0069
1.0091
1.0033
0.99875
1.0003
1.0028
1.0039
1.0009
0.99984
1.0002
0.9964
1
0.99624
0.9989
0.99875
1.0066
0.99984
1.002
1.0025
0.99327
1
0.99702
0.99812
1.0048
1.0002
0.99781
1.0033
1.0005
0.99984
1.0066
1.0006
1.0003
1
0.99984
1.0025
1.0053
1.0012
1.0025
0.99656
1.0019
1.0023
1.0031
1.0022
1.0003
0.99749
1.0014
0.99937
0.99968
1.0036
1.0006
0.99483
1
1.0034
1.0031
0.99765
1.0006
0.99953
1.003
0.99859
0.99718
1.0006
1.0041
1.0045
0.9989
1.0039
1.0009
1.0036
0.99984
1.0019
0.99937
0.9953
1.0031
1.0003
0.99843
0.99765
1.0069
0.9964
0.99593
0.99968
0.99624
0.99671
1.0019
0.99421
1.0019
0.99906
0.9989
0.99483
0.99671
1.0006
0.99796
1.0055
1.0008
0.99593
0.99875
0.99765
0.9989
1.0045
1.0017
1.0072
0.99734
1.0022
0.99765
0.99593
0.9989
1.003
1.0022
1.0028
0.99781
1.0034
0.99984
1.003
1.0006
0.99984
1.0017
0.99968
1.0031
0.99828
1.002
0.99218
1.0006
1.0016
1.0009
1.0012
1.0003
0.9953
1.0003
0.99609
0.99859
1.0023
0.99906
1.0008
0.9989
1.0059
0.99937
1.0033
1.003
1.003
0.99968
0.99906
1.0073
0.99859
1.0002
1.0012
0.99984
0.99249
0.99734
0.99702
0.9989
0.99765
0.99921
0.99984
0.99734
1.0066
0.99374
1.0031
1.0025
1.0017
0.99405
0.99859
1.0012
0.99781
0.99749
0.99734
1.0047
0.99483
0.99577
0.99937
0.99405
1.0036
1.0002
1.002
0.99702
1.0008
1.0014
1.0028
1.0036
1.0017
1.0028
1.0047
1.0009
1.0019
1.0006
1.002
1.0019
0.99515
0.99781
0.99546
1.0016
1.0036
1.0047
0.99233
0.99859
1.003
0.99937
1.0016
1.0005
1.0012
1.0006
0.99937
1.0012
1.0025
1.0012
0.99828
0.99781
1.0019
1.0008
1.0008
0.99593
0.99687
1.0014
0.99499
0.99796
1.0003
0.99843
0.99734
0.99968
1.002
1.0006
1.0002
0.99859
1.0044
1.0022
0.99796
1.0009
1.0006
1
0.99859
0.99374
1.0003
0.99718
1.0009
0.99906
1.0023
1.003
1.0033
0.99906
1.0041
1.0047
0.99781
1.0017
1.0014
1.0014
1.0034
0.99937
0.99734
0.99843
1.0011
1.0012
1.0006
1.0022
1.0025
1.0006
0.9989
0.99812
0.9939
0.9989
1.0047
1.0027
1.0023
1.0017
0.99624
1.0036
1.0027
1.0005
1.0056
1.0075
1.0019
0.99702
1.0005
1.0089
0.99421
0.99562
0.9939
1.0008
0.99796
1.0053
0.99906
1.0025
1.0063
1.0016
0.99812
1.0012
1.0023
1.0017
0.99687
1.0012
1.0017
1.0017
0.99734
0.99734
1.0005
0.99984
0.99765
0.99718
1.0033
0.99843
0.99499
1.0056
1.0008
1.0034
1.0012
0.99781
0.99937
1.005
1.0025
0.99765
1.0061
0.99921
1.0002
0.99921
1.002
0.99984
1.0009
1.0011
0.99421
0.99859
1.0031
0.99593
1.0027
1.0014
0.99405
0.99937
0.99734
1.0042
1.0061
1.0008
1.0031
1.0017
1.0014
0.99875
1.0039
0.99405
0.99765
1.0027
1.0038
0.99749
0.99077
1.0009
0.99358
1.0017
1.003
1.0038
0.9939
0.99749
1.0017
1.0008
0.99812
1
0.99984
0.99875
1.0009
1.0056
0.99781
1.003
1.0016
0.9989
1.0012
0.99828
1.0012
0.99796
1.0019
0.99984
1.0036
1.0045
0.99749
0.99953
1.0014
0.99906
1.0006
1.0044
0.99499
1.0002
0.99671
1.002
1.0003
1.0009
0.99953
1.0058
0.99859
1.0072
0.99702
1.0006
0.99593
0.99749
0.99984
0.99828
1.0002
0.99953
1.0006
1.002
0.99812
1.0009
1.0003
1.0045
1.0014
1.0003
0.9964
0.99984
1.0025
1.0023
1.0028
0.99875
1.0038
0.99577
0.9989
1.0063
0.99718
0.99546
0.99499
1.0005
0.99562
1.005
1.0019
1.0077
1.0036
1.0025
1.0075
1.0069
1.0014
0.99483
1.0017
1.0017
1.0031
0.99718
1.0022
0.99906
0.99499
1.0025
1.005
1.0012
0.99437
1
1.002
1.0023
1.003
1.0034
0.99875
0.99828
0.99906
1.0047
1.0006
0.99828
0.99749
0.99609
1.0044
0.99734
0.99859
0.99843
0.99843
1.003
1.0011
0.99843
1.0081
1.0003
0.9989
1.0003
0.99796
0.99812
1.0005
0.99749
0.99546
1.0028
1.0011
1.002
1.0055
0.99718
0.99828
1.0008
0.9953
1.0025
1.0019
1.0012
1.0014
1.0052
0.99984
1.0005
0.99828
0.99718
1.0031
0.99937
1.0025
1.0011
0.99687
1.0033
0.99921
1.0033
1.0025
0.99927
1.0021
1.0041
0.99499
0.99577
1.005
0.99374
1.0031
1.0066
1.0036
1.0002
1.0017
1.0016
0.99609
1.0048
0.99828
1.0027
0.99875
0.99859
1.0023
0.99749
0.99781
1.0023
0.99765
1.0002
1.0012
1.0016
1.003
0.99906
1.0022
0.99749
1.0005
0.9964
0.99906
1.0014
0.99656
0.99875
0.99781
0.99296
0.9964
0.99718
1.002
1.0036
0.99421
0.99765
1.0006
1.0017
0.99859
1.0012
1.0014
0.99749
0.99796
1.0014
0.9964
1.0022
1.0045
0.99468
1.0033
0.99499
0.99483
1.0061
1.0028
1.0012
0.99515
0.9989
1.0019
1.0002
1.0006
1.0017
0.99921
0.99921
0.99953
0.99984
0.9953
1.0011
0.99828
1.0055
1.0031
1.0009
0.99155
1.0067
0.99968
0.99843
1.0031
0.99468
0.99781
1.0002
1
1.0034
1.0023
0.99264
1.0047
0.99921
0.99781
0.99906
0.99875
1.0006
0.99734
1.0011
0.99656
0.99906
1.0069
1.003
1
0.99718
1.0008
1.0014
1.0017
0.9989
1.0012
0.99828
0.99671
0.99843
1.0023
1
1.0044
1.0036
0.99749
0.99687
0.99702
0.99796
0.99734
1.008
0.9964
0.99421
0.99937
1.003
1.0016
0.99937
0.99843
1.0041
0.99718
1.0017
1.0008
1.0008
1.0061
1.0041
1.0017
1
0.99765
0.99953
0.99812
0.99656
0.99749
0.99718
1.0047
0.99577
1.005
1.0006
1.0028
0.99984
1.0017
0.99859
0.99687
0.99781
0.99468
0.99358
0.99796
0.99953
1.0016
0.99828
1.0006
1.002
0.9964
1.0036
0.99624
0.99828
1.0011
1.0064
1
0.9953
1.003
1.0036
1.0019
0.99499
1.0025
0.99812
1.002
0.99875
1.0014
0.99718
0.99937
1.0036
1.0028
0.99749
1.0005
0.99812
0.9953
1.007
1.0023
0.99702
0.9989
1.0072
0.99968
0.99875
1.0041
1.0066
1.0031
0.99656
1.005
0.9989
1.0006
1.0003
1.003
0.99734
0.99921
0.9939
0.99656
0.99781
0.99921
0.99421
0.99343
1.0061
0.99906
0.9989
0.99984
0.99968
1.0012
1
1.0008
1.0025
1.0038
0.99796
0.99781
0.99483
1.0011
1.0019
0.99718
0.99734
0.99906
0.99828
0.99593
1.005
1.0002
0.99984
0.99671
0.99843
1.0025
0.99937
0.99859
1.0031
1.002
1.0011
0.99671
1.0041
0.99921
0.99921
0.99671
0.99546
0.99562
1.0003
1.0019
1.0025
1.0002
1.0044
1.003
1.0025
1.0045
1.0003
0.99765
1.0006
1.0027
1.0034
1.0038
0.99421
1.0025
1.0009
1.0055
0.99609
0.99828
0.99609
1.0022
1.0016
0.99358
1.0012
0.99718
1.0025
1.003
1.0012
0.99749
1.0008
0.99671
1.0003
0.99702
1
0.99968
1.0008
0.99906
1.0023
0.99421
0.99796
0.9939
0.99734
0.9964
1.0041
0.99968
0.99718
1.0023
1.0003
0.99624
0.99906
1.0012
1.0053
0.99781
1.0073
0.99875
0.99656
0.99828
1.0036
1.0016
1.0023
1.0009
0.99609
1.002
1.0005
0.99984
1.0012
0.99843
1.0052
1.0023
0.99687
1.0042
0.99577
0.9964
0.99405
0.99968
0.99577
0.99718
1.0014
0.99599
1.002
0.9964
1.0005
1.0025
0.99702
1.002
1.0055
1
1.0002
1
1.0019
0.99921
0.99718
1.0005
1.0002
0.99937
0.99718
1.0033
0.99984
1.0011
0.9964
0.99906
1.0036
0.99593
1.0105
1.0014
0.99718
1.0055
0.99921
0.99968
1.0056
0.99875
1.0027
1.0033
0.99828
1.0006
1.002
1.003
1.0053
1.0033
1.0005
0.99828
1.0038
1.0009
0.99781
1.0047
0.99749
1.0002
1.0028
1.0031
1.0017
1.0005
0.99609
0.9989
0.99953
1.0036
1.0016
0.99577
1.0022
1.0067
1.0016
0.99624
0.99499
0.99984
1.0016
0.99546
1.0002
1.003
1.0012
1.0006
1.0028
1.0042
1.0009
0.99996
1.0003
0.99906
1.003
1.0042
1.0002
1.0022
0.99736
1.0041
1.0012
0.999
1.0022
1.0009
0.99828
1.0006
1.0027
0.99656
0.99499
0.9903
0.99327
1.0039
1.008
0.99984
0.99249
0.99749
0.99859
1.0028
0.99921
0.99818
0.9989
1.0008
0.99708
1.0002
0.99906
1.0033
1.0046
1.0034
0.99968
1.0009
0.99968
0.99702
1.0041
1.0027
0.99734
1.0078
1.0028
0.99687
1.002
1.0016
1.0016
1.0031
1.0028
0.99812
0.99937
1.0022
1
0.9964
1.0027
1
0.99718
1
0.99859
0.99749
1.0044
0.99358
1.0014
1.0006
0.99875
1.0056
1.0039
1.0033
0.99968
1.0031
1.0006
0.99937
0.99843
1.0039
0.99702
1.0028
1.0025
1.0022
0.99906
0.99875
0.99843
0.99921
1.0011
0.99577
1.0002
0.99671
0.99609
1.0023
0.99656
0.99749
1.0011
1.0005
0.99818
1.0053
0.99875
1.0048
1.0055
0.99624
0.99906
0.99749
1.0009
1.0025
1.0034
0.99875
0.99233
1.0006
1.0069
1.0025
0.9964
0.99734
1.0011
0.9953
1.0039
0.99218
1.0058
0.99984
0.99656
1.0002
0.99562
1.0003
0.99577
0.99828
1.0059
0.99921
0.99875
0.99452
1.0014
1.0016
1.0011
1.0006
0.99749
1.0006
1.0012
1.0073
1.0031
0.99765
1.0012
0.99624
0.99953
1.0038
1.0011
0.99812
1.0059
1.0005
1.0027
1.0072
0.99546
0.99702
0.99968
1.0008
1.0009
1.0028
1.0041
1.0033
1.0028
1.0036
1.0048
1.0028
0.99859
0.99781
0.99718
1.0031
1.0036
1.0012
1.0031
1.0022
0.99968
1.0017
1.0039
1.0003
1.0023
0.99421
0.99702
1
1.0039
1.0017
0.99499
0.99734
1.0042
0.9964
1.0002
1.0008
1.0027
1.0006
1.0016
0.99718
0.99624
0.99452
0.99624
1.0034
1.0028
1.0038
0.99828
0.99358
1.0008
1.0002
1.0002
1.0044
0.99843
1.003
0.99624
0.99984
0.99843
0.99953
1.0052
1.0006
0.99702
1.0041
1.0053
0.99656
0.99765
1.0027
0.99796
1.0031
1.002
1.002
1.0061
1.0094
0.99906
0.99781
0.9964
1.0031
1.0003
1.0012
0.99828
1.0002
0.99906
0.99968
0.99749
1.0047
1.0027
1.0036
1.0038
1.0041
0.99984
1.0016
0.99593
1.0005
1.0055
0.99828
0.99859
1.0017
1.0003
1.0038
1.0005
1.0005
1.005
0.99702
0.99968
1.0003
1.0052
1.0036
1.002
0.99984
0.99953
0.99781
1.0028
0.99875
1.0048
0.99875
1.0022
0.99765
1
0.9964
1.0005
1.0006
0.99796
1.0002
1.0003
1.0041
0.99796
1.0031
0.99968
1.0014
0.99687
0.99702
0.99843
0.99781
1.0002
0.99968
1.0002
0.99968
0.99562
1.003
1.0028
0.99968
0.99186
1.0014
0.99812
1.0016
0.99859
0.99765
1.0034
0.99468
0.99687
0.99812
1.0044
1.0005
0.99734
0.99828
0.99796
1.0016
1.003
0.9989
0.99765
0.99734
0.99859
0.99468
1.0041
0.99828
0.99859
1.0014
0.9953
1.0031
1.0089
1.0016
1.0039
1.0027
0.99765
1.0033
1.0016
0.99906
1.0019
1.0039
1.0017
0.99968
1.0058
0.9953
0.99906
0.9989
1.0002
0.99937
0.99702
1.0034
0.99875
0.99593
0.99984
0.99499
1.0039
1.0028
0.99875
1.0027
1
1.0072
1.0012
0.99921
0.99968
0.99953
0.99656
1.0028
1.003
0.99781
0.99937
0.99968
0.99921
0.99953
0.99921
1.0017
0.99671
0.99687
1.0006
1.0003
0.99796
1.0006
0.99828
0.99812
1.0011
0.99749
0.99953
1.0017
1.0025
1.0039
0.99984
1.0005
0.99593
1.0042
0.99515
1.0023
1.0059
1.0027
1.0019
1.0027
1.002
0.99937
1.0016
1.0025
1.002
0.9989
1.0011
1.0023
1.0002
0.9989
0.99702
0.9989
0.99734
0.99687
0.99906
0.99984
1.0009
1
1.0022
0.99828
0.99812
0.99968
0.99687
0.99828
0.99687
1.0053
0.99687
0.99984
0.99483
0.99937
1.0033
0.99483
1.0006
1.0017
1.0005
0.99828
1.0041
0.99765
0.99953
0.99859
1.003
1.0005
0.99296
0.99671
0.99593
1.0005
0.99953
1.0055
1.0058
1.0034
0.99828
0.99702
1.0014
1
0.99781
0.99734
0.99702
1.0002
1.0036
1.0012
0.99875
1.0023
0.99984
1.0017
1.0041
0.9989
0.99984
1.0012
0.99984
0.9964
1.0036
1.0053
1.0005
1
0.99843
1.0009
1.0011
1.0006
0.99984
0.99953
1.0017
0.99405
1.0033
0.99781
1.0059
0.99749
1.0022
1.0019
0.99702
0.99749
1.0033
1.0075
0.99468
1.0045
0.99921
1.0012
0.99984
1.0036
1.002
0.99937
1.0016
0.99796
0.99702
1.0017
1.0047
1.0045
0.99796
0.99843
1.0008
1.0022
1.0014
1.003
0.99765
1.0014
1.003
0.99906
1.0023
0.99875
1
1.0033
0.99875
1.0003
0.99812
1.0009
1
0.99734
1.0008
1.0028
1.0056
0.99702
1.0031
1.0033
1.0053
0.99906
0.9989
1.0061
1.0002
1.002
1.0003
1.0044
0.99468
1.0002
0.99656
0.99624
1.0003
1.0005
1.0066
1.0006
1.0009
1.0014
1.0033
0.99984
1.0017
1.0028
0.99765
1.0038
1.0028
0.99953
1.003
1.0042
0.99921
1.0022
1.0012
0.99953
1.0016
1.0002
0.99546
0.9953
0.99843
0.99687
1.0052
0.99546
0.99656
0.99765
0.99921
1.0036
1.003
1.0016
0.99968
1.0009
1.002
1.0008
0.9989
1.0016
0.99812
0.99984
0.99984
0.99718
1.0052
1.0003
0.99765
1.0039
1.0014
0.99749
1.0028
0.99765
0.99812
0.99843
0.99812
1.0009
0.99843
1.0008
1.0042
1.0012
0.99671
0.99562
0.99796
0.9989
1.0041
1.0002
1.0025
0.99702
1.0003
0.99828
1.0058
0.99374
1.0022
0.99718
0.99812
0.99828
1.0008
0.99828
0.99828
1.0041
0.99812
0.99796
1.0005
0.99718
0.99437
0.99937
1.0023
1.0017
1.0047
0.99906
1.0003
0.99734
1.0009
0.99765
1.0012
0.99483
0.99624
1.0008
1.0033
0.99749
0.99968
0.99749
0.99718
0.99875
0.99546
0.99968
1.0005
0.99562
1.0036
1.0016
0.99828
0.99781
0.99765
1
1.0012
1.0008
1.0045
0.99859
0.99828
1.0003
1.0038
1.0048
0.99781
1.003
0.99828
0.99828
0.99875
0.99593
0.99781
0.99984
0.99765
0.99906
0.99875
1.0002
1.0012
1.0038
0.99656
0.99875
1.0002
0.99968
0.99671
0.99765
0.99781
0.99812
0.99796
1.0011
1
0.99906
1.0003
1.003
0.99828
1.0006
0.99937
1.0025
0.99624
0.99687
1.0006
0.99687
0.99921
0.99781
0.9989
1.0033
0.99859
0.99953
1.0047
0.99828
0.99702
1.0014
0.99734
0.99781
1.0023
0.99953
0.9989
1.0002
0.99937
0.99859
0.99702
0.99718
0.99749
0.99921
1.0014
1.0005
0.99812
1.0005
1.0009
1.0002
0.99781
1.0006
0.99953
0.99906
1.0003
1.0003
1.0011
0.99499
1.0025
1
1.0019
1.0028
0.99734
0.99906
1.0009
0.99609
1.0017
1.0028
1.0044
1.0052
1.0038
1.0006
0.99374
1.0067
0.99687
1.0022
1.0008
0.99906
1.0003
1
0.99421
1.0005
0.99483
0.9989
0.99781
1.0017
0.99843
0.99781
1.0012
1.0002
0.99468
1.0034
1.0022
0.99749
0.99859
0.99249
0.99859
0.99656
0.99765
1.0033
0.99749
0.99702
0.99843
1.0027
1.005
1.0008
1.0036
1.0027
0.99609
1.0011
1.0031
1.0017
0.99968
1.0002
1.0011
0.99937
0.99953
1.0008
0.9989
1.0038
1.0005
0.99859
1.0036
1.005
0.99906
1.0009
0.99843
1.0019
1.0033
0.99656
1.003
0.9989
1.0006
1.0033
1.002
0.99499
0.9989
0.99796
0.99796
1.0025
1
1.0028
1.0022
1.003
0.99906
1.0063
1.0005
0.99749
0.99405
0.99749
1.0005
1.002
1.0006
0.99421
1.0006
0.99906
0.99937
1
1.0006
1.0016
1.0009
1.0028
0.99656
0.99828
1.0005
0.99546
1.0039
1.002
1.0056
1.0008
1.003
0.99906
0.99937
1.0041
1.005
0.99906
1.0011
0.99875
0.9964
0.9989
1.0077
0.99687
0.99765
1.0023
1.0023
0.99875
0.99937
1.0042
1.0003
1.0023
0.99437
1.0011
0.99796
1.0023
0.99968
0.99875
1.0011
1.0048
0.99765
1.0022
1.0014
0.99421
1.0023
1.0002
1.0031
1.0022
0.99859
0.99749
1.0017
1.002
1.0027
1.0064
0.99781
0.99953
0.99796
1.0022
1.0014
0.99921
1.0036
1.0019
1.0017
1
1.0033
0.9964
0.99921
1.0045
1.0039
0.99656
1.0002
1.0031
0.9939
1.0048
1.0078
0.99859
1.0025
0.99984
0.9964
1.0016
1.0002
0.99749
0.99765
0.99812
1.002
1.0044
0.99781
0.99546
0.99984
1.0019
1.0002
0.9989
0.99702
0.99812
1.0003
1.0028
0.99984
1.0008
1.0008
0.99609
0.99937
1.0014
1.002
1.0008
1.0045
1
1.0003
0.99968
1.0002
0.99828
1.0016
1.0034
1.0003
0.9964
0.99437
0.99921
1.0027
1.0005
0.99828
0.99875
1
1.0006
0.99875
1.0011
0.9989
0.9989
1.0028
1.0002
0.99984
1.0075
0.99968
0.99843
0.99718
0.99796
0.99202
0.99953
1.0009
1.0008
0.99609
0.99859
0.99577
1.0048
1.003
0.99953
1.0041
1.0003
1.0012
0.99875
0.99906
1.0056
1.0008
0.99812
0.99968
0.99906
0.99624
1.0016
0.99796
0.99796
0.99921
0.99577
0.99734
0.99781
0.99859
0.99812
1.0011
0.99984
1.003
0.99734
0.99843
0.99562
1.0014
0.99687
0.99437
0.99718
1.0022
1.0017
0.99749
0.99562
1.0014
1.0016
0.99749
0.99749
1.0019
1.0023
0.99984
1.0023
1.0036
0.99984
1.0038
0.99311
0.9989
0.9964
0.99921
0.99468
0.99828
1.0017
0.99921
0.99468
1.0008
1.0003
0.9964
0.99906
0.99781
0.99843
1.0014
0.99812
1.0005
0.99781
0.99984
1.0031
0.99562
1.0006
0.99483
0.99921
1.0014
1.0017
0.99875
0.99577
1.0014
1.0019
0.9989
0.99812
0.99718
1.0044
0.99765
1.0012
0.99906
0.99687
1.002
0.9964
1.0039
1.0012
1.0011
0.99671
1.0027
1.0008
0.99624
1.0063
0.9989
1.0052
1.0017
0.99859
0.99609
1.0025
1.002
1.0006
0.99953
1.0022
1
1
1.0011
1.0006
0.99828
1
0.9953
0.99921
0.99765
1.0042
0.99984
0.99984
0.99749
1.0011
1.0008
1.0061
0.99828
0.99546
1.0027
1.0016
0.99765
0.99968
1
1.0016
1.002
0.99937
1.0053
1.0005
1.0008
1.0045
1.0009
0.99765
0.99656
1.002
1.0025
1.0012
0.99718
1.0003
1.0048
0.99937
1.0048
0.99734
1.0053
1.0002
1.0012
0.99843
1.0034
0.99656
1.0028
0.99859
1.0023
1.0028
1.0023
0.99765
1.0019
0.99734
1.0009
0.99921
0.99374
0.99937
1.0011
1.0014
0.99765
1.0006
0.99968
0.99687
1.0038
1.0033
1.0005
0.99906
1.0014
0.99859
0.99718
1.0006
1.0028
0.99593
1.0025
1.0012
0.99875
1.0058
1.0017
0.99937
1.0006
0.99875
0.99843
1.0003
0.99734
0.99921
1.0003
0.99796
0.99984
0.99718
1.0023
1.0017
1.0016
0.99921
1.0027
0.99562
0.99546
1.0006
1.0006
0.99671
1.002
0.99859
1.0042
1.0002
0.99906
1.0058
1.0008
0.9964
0.99796
0.99812
1.0023
0.99921
1.0052
0.99656
0.99968
1.0025
1.0023
1
0.99984
0.99812
1.0038
1.0023
1.0033
0.99546
0.99953
0.99781
0.99781
0.99984
0.99859
1.0022
0.99765
1.0038
0.99859
1.0012
1.0012
1.0069
1.0023
0.99452
1.0005
0.99937
0.99702
0.99796
1.0048
0.99593
1.003
0.99781
1.0012
0.99984
1.0008
0.99546
0.99921
1.0008
1.0023
0.99796
1.0041
0.9953
0.99562
0.99765
0.99343
1.0053
0.99546
1.0048
1.0048
1.0008
1.0012
1.0023
1.0069
0.99796
1.0033
1.0005
1.0058
1.003
1.0027
1.0014
1.0023
1.0033
0.99843
0.99875
1.0025
0.99593
1.0009
1.0027
1.0023
1.0019
1.0025
1.0009
1.0014
1.0031
1.0028
1.0027
0.99921
1.0014
1.0055
0.99906
0.99687
0.99796
1.0042
1.0031
1.0022
0.99765
1.0017
0.99624
1.0038
0.99749
0.99734
0.99781
1.0039
1.0053
1.0014
0.99812
0.99609
0.99718
1.0116
0.99921
0.99687
0.99875
0.99921
1.0066
0.99953
1.0077
1.0027
1.0091
0.99843
1.0012
0.99624
0.99828
0.99749
1.0012
1.0025
0.99921
0.99859
0.99984
1.0012
1.0025
0.99499
0.99781
1.002
0.99843
1.0033
1.0008
1
0.99937
0.99671
1.0008
1.0034
1
0.99749
0.99796
1.005
1.0041
1.0014
0.99656
1.0038
1.0005
1.0016
0.99718
0.99953
1.0002
0.99968
0.99796
1.0014
1.0047
1.0045
1.0011
1.0064
1.0002
1.0009
1.0058
0.99921
0.99687
1.0014
1.0033
1.0003
0.99796
1.0048
1.0048
1.0036
1
0.99859
0.99968
0.99796
1.0036
1.0022
0.99624
0.99562
0.99859
1.0027
0.99921
1.0028
1.0012
1.0006
1.0014
0.99468
0.99953
1.0066
1.0028
1.0034
0.99702
0.99749
1.0009
1.0045
1.0014
1.0039
0.9989
1.0063
1.0017
1.0036
0.99437
1.0003
0.99921
1.0016
0.99812
1.0039
1.0034
0.99796
1.0058
1.007
1.003
0.99405
1.0063
1.0002
1.0028
1.0009
0.99859
0.99734
1.0005
0.99984
1.0022
0.99812
1.0045
0.99593
1
1.0017
1.0011
0.99734
1.0031
0.99843
1.0008
0.99734
1.0003
1.003
0.99953
0.9964
1.0008
0.99843
1.0011
0.99984
1.0005
1.0009
1.0019
1.0042
1.002
1.003
1.0011
0.99937
0.99859
1.0014
0.99906
1.0036
1.0091
0.99921
0.99828
1.0008
0.99186
1.0044
0.99875
0.99859
1.0027
1.0005
1.0031
0.99921
1.0042
1.0061
0.99921
0.99562
1
0.99859
0.9939
1.0014
0.99921
1.0056
1.0006
0.99609
0.99828
0.99061
1.0008
0.99984
1.0025
1.0006
0.99562
1.0063
1.0028
0.99609
1.0012
1.0005
0.99796
0.99671
0.99781
0.99765
1.0012
0.99609
0.99953
1.0025
1.005
0.99765
1.003
1.0033
1.0014
1.0014
1.0008
0.99734
1.0028
1.0012
1.0011
1.0039
1.0014
0.99718
0.99859
1.0055
1.0012
0.99687
0.99593
1.0012
1.0028
1.0038
0.99906
0.99812
0.99859
0.99921
0.99718
1.0008
0.9989
1.0025
0.99875
1.0027
1.0012
1.0019
1.0033
1.0019
0.99843
1.0061
0.9964
0.99734
0.99327
0.99437
1.0016
1.0023
0.99906
0.99953
1.0039
0.99734
1.0044
1.0012
1.0009
0.99953
0.99937
1.0066
0.99875
0.99875
0.99906
1.0041
1.0012
1.0055
0.99781
1.0038
0.99937
0.99718
0.99343
0.99468
1.0053
1.0022
0.99828
0.99405
0.99906
1.0025
0.99562
1.0028
0.99859
0.99702
1.0027
0.99577
1.0031
0.99953
1.0016
0.99437
0.99968
0.99828
1.0067
0.99718
1.0038
1.0042
0.99906
1.0005
0.99984
0.99843
1.0066
0.99968
0.99437
1.0028
1.0044
0.99765
0.99921
1.0023
1.0023
0.99921
1.0009
0.99984
0.99968
1.003
1.0003
1.0005
1.0027
0.9964
0.99687
1.0008
1.0017
0.99875
1.0012
0.99875
0.99421
1.0034
0.99249
1.003
0.99702
1.0038
1.003
0.99749
1.0012
1.005
0.99702
1.0023
1.0036
0.99656
1.0014
1.0058
0.99781
1.0039
0.99718
0.99796
1.0023
1.0006
1.0003
1.0036
1.0003
0.99859
0.99405
0.99515
1.0017
0.99875
0.99984
0.99796
0.99734
1.0031
1.0038
1.0052
1.0047
1.0008
1.0045
1.0036
1.0044
0.99656
1.0027
1.0033
1
1.003
1.0022
1.0044
1.0066
0.99812
1.0039
1.0036
1.0027
0.99828
0.99968
1.0019
1.0016
1.0033
0.99812
1.0022
1.0009
1.0006
1.0008
1.0038
0.99875
0.99843
0.99734
1.0017
0.99796
0.99921
1.0033
0.99609
1.002
1.0061
0.9989
1.0027
0.99875
1.0022
0.99671
0.99968
1.0006
0.99702
1.0041
1.0003
1.0021
1.0002
0.99405
1.0031
0.99734
0.99499
1.0005
0.99202
0.99796
0.9964
0.99437
0.99624
0.9953
0.99546
1.0019
1.0033
1.0025
0.99781
1.0011
0.99609
1.0028
0.9953
1.0019
1.0023
1.0006
1.0006
0.99968
1.0022
0.99624
0.99452
1.0009
1.0008
1.0053
0.99843
0.99796
1.0016
0.9964
0.99828
1.0014
1.002
0.9953
1.0012
1.0028
0.99781
1.0017
0.99921
1.0002
1.002
1.0008
1.0022
1.0044
1.0025
0.99984
0.99937
1.0022
1.0017
0.99812
1.0025
1.0003
0.99828
1.0005
1.0009
1.0036
0.99702
0.99452
0.99702
1.0028
0.99593
1.0006
0.99937
1.0061
0.99828
1.0011
1.0039
0.99593
0.9989
1.0011
1.0019
1.0069
1.0012
0.9964
0.99828
0.99624
1.0002
1.0005
1.0033
0.99843
0.99796
0.99749
0.99843
1.0056
0.99734
0.99452
0.99953
1.0023
0.99562
1.0005
0.99671
0.99765
0.99843
1.0031
0.99828
0.99812
1.0045
0.99828
0.99687
1.0012
1.002
0.99828
1
0.9989
1
1.0006
1.0003
1.0047
1.0014
1.0019
0.99515
0.99687
1.0053
0.99562
1.0033
0.99781
1.003
1.0012
1.0055
1.0014
0.99812
1.002
1.0111
1.0045
1.0061
0.99906
1.0022
1.0031
1.0003
0.99953
1.0073
1.0031
1.0048
1.0023
0.99968
1.002
1.0075
0.99927
0.99921
0.99921
1
0.99781
0.99843
1.0028
1.0003
0.99953
1.0002
1.0031
1.003
0.99796
0.99859
1.0022
0.99875
0.99984
1.0044
1.0034
1.0017
0.99515
0.9989
1.0003
0.99859
1.0042
1.003
0.99953
1.0025
0.99671
1.0014
0.99781
0.99937
1.0036
0.99765
1.0003
1.0005
1.0002
1.0034
1.0005
0.99875
1
0.99953
0.99562
0.99968
0.99875
0.99515
1.0042
1.0038
0.99812
0.99515
0.99875
1.0027
1.0014
1
1.0025
1
0.99718
0.99843
1.0014
0.99343
1.002
0.9964
0.99765
0.99702
1
