0.99862
0.99811
0.99989
1.0004
0.99871
1.0002
0.99972
1.0004
1.0019
1.0013
0.99989
1.0029
0.99938
0.99675
0.99998
1.0011
0.99981
0.99989
1.0019
1.0012
1.0006
1.0001
0.99811
1.0027
0.99905
1.0007
1.001
1.0013
1.0007
1.0009
0.99905
1.0002
1.0007
1.0007
0.9968
0.99964
0.99845
1.0013
0.99938
0.99862
1.0017
1.0001
1.0012
1.0021
0.99964
0.99972
1.0002
1.0005
1.0029
1.0016
1.0029
0.99896
1.0021
1.0005
0.99862
1.0004
0.99947
0.99964
1.0008
0.99784
0.99947
1.0021
1.0017
0.99921
1.0013
0.99879
1.0024
0.99921
0.99981
0.9993
0.9976
0.99871
1.0003
1.0009
1.0018
1.001
0.99828
0.99955
0.99837
0.99845
0.99972
0.99896
0.99981
0.99913
0.99777
0.99905
0.99777
0.99616
0.99879
1.0023
0.9993
1.0005
0.99888
1.0001
0.99837
0.99726
1.0001
0.9976
0.99701
0.99726
0.99786
1.0002
0.99972
1.0001
1.002
0.99777
1.0023
0.9993
1.0015
1.0008
1.001
0.99794
0.99777
0.99964
0.99845
0.99845
0.99845
1.0016
0.99726
1.0008
0.99845
1.0008
0.99896
1.0012
1.0024
1.0013
1.0011
1.0005
0.99989
1.0006
1.0012
0.99353
0.99921
0.99837
0.99947
1.0007
0.99724
1.0009
0.99735
1.0007
0.99845
0.99972
0.99854
1.0004
1.0001
1.0018
1.0029
1.0007
1.0013
0.99938
0.99913
0.99565
0.99743
0.99692
0.99964
0.99921
1.0025
1.0009
0.99794
1.0013
0.99896
0.99998
0.99972
0.99794
1.0027
0.99989
1.0007
1.0024
1.0001
1.0007
1.0018
0.9993
0.99905
0.99998
0.99709
1.0033
0.99625
1.0001
0.99769
0.99998
1.0001
0.99947
0.99921
0.9993
1.001
1.0011
0.99709
1.0001
1.0009
0.99828
0.9982
0.99557
0.99964
1.0023
1.0012
0.99828
1.0017
0.99989
1.0007
1.0001
1.0029
0.9993
1.0041
1.0029
0.99921
1.0027
0.99854
0.99769
1.0007
1.0014
0.99726
0.99955
0.99913
1.0013
1.0017
1.0026
0.99777
1.0004
1.001
0.99871
1.0004
0.99998
1.0006
0.99955
0.99947
1.0002
1.0014
0.99769
1.0008
1.0007
1.0023
0.99972
1.0035
0.99981
1.0001
1.0017
1.0035
1.0001
1.0015
0.99905
0.99938
1.001
1.0014
1.0009
0.99998
1.0026
1.0003
1.0023
0.99837
0.99811
1.0029
1.0011
1.0007
0.99972
1.006
1.0012
1.0003
0.99862
0.99955
1.0032
1.0013
1.0026
0.99947
1.0013
0.99955
1.0001
1.001
0.99981
1.0025
1.0005
0.99845
1.0014
1.0013
1.0004
1.0011
0.99896
1.0017
1.0016
1.0013
0.99938
0.99803
1.0014
0.99675
0.99938
0.99947
0.99913
0.99955
1.0002
0.99998
0.99947
0.99955
0.99964
1.0007
0.99998
0.9993
1.0018
0.99981
1.0017
0.99862
1.0003
0.99871
0.99837
1.0007
0.99591
0.99896
0.99709
1.0007
1.0043
1.0024
1.0013
0.99726
0.99905
0.99845
0.99905
0.99769
0.99777
0.99684
1.001
0.9993
1.0007
0.99718
0.99803
1.0005
0.99642
0.99726
0.99625
1.0002
1.0017
0.99998
1.0029
1.0001
1.0015
0.99769
0.99828
0.99905
0.99981
0.99777
0.99981
0.99769
1.0005
0.9982
1.0013
0.99964
0.99955
1.0015
0.99947
0.99845
0.99862
0.99998
1.0022
1.0006
0.99888
0.99837
1.0019
0.9993
1.0046
1.0006
1.0006
0.99947
0.99989
1.0002
1.002
0.99888
1.0019
1.0001
1.0006
1.0028
1.0009
0.99955
1.0016
0.99811
1.0024
1.0006
0.99938
1.0028
1.0013
1.0013
0.9965
1.0014
0.99964
0.99828
0.99964
0.99913
0.9982
0.99964
0.99888
1.0001
1.0001
0.99913
0.99998
1.0019
1.0021
1.0024
1.0003
0.99896
1.0018
1.0024
1.0007
1.0013
1.0001
0.99913
1.0001
0.99786
0.99905
0.99989
0.99921
1.0004
1.0012
1.0004
0.99854
1.0005
1.0008
1.0001
1.0002
1.0009
0.99837
1.0016
1.0024
0.99811
1.0003
1.0014
0.99769
0.99955
0.99735
1.0036
1.0012
0.99896
0.99964
1.0011
1.0029
0.99964
1.0001
1.0016
1.0001
0.99837
1.001
1.0027
0.99803
0.99921
0.99888
0.99913
1.0007
1.0001
0.99989
0.99769
1.0005
1.0012
1.0028
0.99989
1.0008
1.0035
0.9982
1.0016
1.0042
0.99531
1.0009
0.99955
0.99981
0.99726
1.0002
0.99896
0.99972
0.99947
0.99777
1.0004
0.99743
1.0006
0.99964
0.99955
1.0021
0.99947
1.0004
1.0022
0.99947
0.99888
0.99947
1.0013
0.99786
0.99616
0.99989
1.0001
1.001
1.0017
0.9965
0.99972
0.99964
1.0007
1.0007
1.0017
0.99871
0.99964
1.0046
0.99735
1.0007
1.0004
0.99955
1.0029
1.0009
1.0021
1.0013
0.99955
1.002
0.99862
1.0024
1.0016
1.0001
1.0017
0.9993
0.99692
1.0002
0.99845
1.001
0.99989
1.0013
1.0007
1.0006
1.0018
0.99879
1.0022
0.99879
0.99938
1.001
0.99752
1.0002
1.0024
0.99947
1.0011
0.99888
1.0007
1.0017
1.0003
1.0038
0.99871
1.0019
0.99642
0.99989
0.99905
0.99675
0.99998
0.99752
1.0005
0.99862
0.99938
0.99938
0.9965
1.0001
0.99701
1.0021
0.99972
0.99845
0.99896
0.99811
1.0004
1.0019
1.0005
0.99972
0.99506
1.0017
0.99888
1.0022
1.001
0.99905
0.99421
0.99981
1.0012
1.0009
0.99828
0.99964
1.0003
0.99913
1.0018
0.99871
1.0007
1.0001
0.99523
0.99752
1.0013
0.99938
1.0039
1.0015
0.99972
1.0011
0.99794
0.99828
0.99837
0.99828
0.99811
1.0003
1.0001
0.99794
0.99964
0.99794
0.9993
0.99964
1.0014
0.99879
0.99905
0.99921
0.99862
0.9993
0.99964
0.9993
0.99803
0.99998
0.99998
0.99871
0.99998
0.99921
0.99845
0.99905
0.99854
1.0007
1.0001
0.99828
0.99964
0.9993
1.003
1.0018
0.99701
1.0002
1.002
1.0004
0.99845
0.9993
1.0021
1.0011
1.0001
1.0016
0.99777
1.0025
1.003
0.99845
0.99947
1.0033
1.0001
0.99888
0.99735
1.0001
0.99786
0.99735
0.99921
0.99955
0.99896
1.0004
1.0007
0.99905
1.0001
0.99786
0.99955
1.0006
0.99752
0.99955
0.99735
0.99837
0.99709
1.0004
1.0008
0.9976
0.99938
1.0018
1.0025
1.0004
1.0007
0.99735
0.99888
1.0023
1.0005
0.99947
1.0021
1.0005
0.99905
0.9982
1.0023
0.99837
1.0038
0.99684
0.99921
1.0019
1.0018
0.9993
1.0004
1.0012
0.99786
1.0006
1.0021
1.002
0.99845
1.0015
1.0018
1.0015
1.0002
0.99998
1.0003
0.99972
0.99845
0.99938
1.002
0.99862
0.99972
1.0009
1.0012
0.99633
0.99905
1.0005
0.99786
1.0013
0.99845
0.9982
0.99769
1.0007
0.99837
0.99862
0.99998
0.99871
1.0012
0.99854
0.99726
0.99964
0.9982
1.0011
1.0031
1.0035
0.99989
0.99743
1.0012
0.99692
1.0013
1.0007
0.99786
1.0006
0.99769
0.99947
1.0001
0.99972
1.0024
1.0005
1.0022
1.0013
0.99998
1.0013
1.001
1.0007
0.99947
0.99879
1.0024
1.0005
1.0005
0.99955
0.99777
0.99947
1.0015
1.0009
1.0002
1.0006
0.99998
1.0008
1.0007
0.99913
1.0011
1.0019
0.99871
1.0016
0.99726
0.99998
1.0006
0.99955
1.0016
0.99871
0.9993
0.9993
1.0015
0.99964
1.0013
1.0017
0.99888
1.0001
1.0016
0.99888
1.0015
1.0015
1.0012
1.0041
0.99989
1.0009
1.0008
0.99879
1.0001
1.0004
1.0008
1.0008
0.99972
1.0019
0.99879
0.99803
0.99972
1.0008
1.0024
1.0007
0.99921
0.99879
0.99752
0.99675
0.99811
0.99896
0.99905
0.99803
0.99905
1.0009
1.0011
1.0008
0.99972
0.99837
1.0011
1.0008
0.99964
1.0001
1.002
0.99998
0.99888
0.99879
1.0004
0.99854
1.0006
1.0011
1.0001
0.99752
0.9976
1.0013
0.99803
0.99989
0.99879
0.99828
0.99709
0.99972
1.0007
0.99896
0.99998
0.99896
0.9982
1.0004
0.99964
0.99718
1.0018
1.0022
1.0005
1.0017
0.99998
1.0004
1.0001
0.99905
0.99794
1.0012
0.99862
1.0029
1.0001
1.0013
0.9976
1.0007
1.0013
1.0021
0.99981
0.9976
0.99947
0.99837
0.99964
0.99871
0.99964
0.99896
0.9993
1.0013
0.99981
0.99972
1.0006
0.99905
0.99964
1.0032
0.99845
0.99726
1.0007
0.99998
0.99989
0.99879
0.99998
0.99667
0.99964
1.0002
0.99794
1.0004
0.99972
0.99947
0.99828
0.99811
1.0012
0.99905
1.0007
0.99871
0.99964
0.99692
1.0011
0.99709
1.001
0.99786
0.99998
1.0009
1.0021
1.0008
0.99905
0.99964
1.0003
0.99871
0.99913
0.99871
0.99947
1.0013
0.99845
1.0013
0.99888
0.99972
0.99871
0.99913
1.0023
1.0007
0.99947
1.001
0.99786
1.0005
1.0029
1.0015
1.0012
1.0031
0.99964
0.99905
0.99972
1.0023
1.0031
1.002
0.99938
0.9965
1.0031
0.99989
0.99921
0.99938
1.0011
1.0015
0.99871
0.9976
1.0033
0.99921
0.9993
0.99803
1.0005
0.99803
1.0009
1.0016
0.99964
1.0014
0.99786
0.99938
0.99718
0.99921
1.0022
1.0003
1.0009
0.99896
0.99981
0.99667
1.0008
0.99879
0.99871
1.0004
1.001
1.0016
0.9993
0.99888
1.0008
1.001
1.0002
1.0025
1.0027
1.0021
0.99981
1.0006
1.0001
1.0047
1.0018
1.0004
1.0005
1.0001
0.99964
0.99981
1.0001
1.0018
0.99981
0.99955
0.99972
0.99938
0.99955
0.99947
1.0013
1.0001
1.0007
1.0021
0.99989
0.99871
0.99845
1.0033
1.0001
1.0005
1.0011
0.99964
1.0008
1.0007
1.0013
0.99998
1.0001
1.001
0.9993
0.99667
0.99862
0.99964
0.99989
1.0003
1.0021
0.99972
1.0011
1.0017
1.001
0.99837
0.99854
1.001
0.99837
0.99905
0.9976
1.001
0.99921
1.0001
0.99871
1.0015
0.99786
0.99701
1.0006
0.99828
1.0002
0.99896
1.0018
1.0013
1.0005
0.99803
1.0013
1.0018
0.99905
1.0007
0.99862
0.99701
1.0006
0.99735
1.0013
1.0002
0.99854
1.0006
0.99938
1.0018
1.0005
1.0009
1.0007
1.0007
0.9982
1.0009
1.0018
0.99675
0.99955
1.0026
1.0012
0.99709
1.0015
1.001
1.0017
0.99709
0.99913
1.0042
1.0012
0.99972
1.0002
0.99938
0.99786
0.99854
1.0003
1.0007
0.99871
0.99972
0.99955
1.0019
0.99938
1.0007
0.99879
0.99879
1.0015
1.0006
1.0007
0.9982
1.0007
1.0009
1.0001
0.99913
0.99998
0.99718
0.99642
1.0012
0.99921
1.0018
0.99913
1.0018
1.0003
1.0007
0.99921
0.99998
1.0046
0.99972
1.0008
1.0015
1.0011
0.99896
0.99955
0.99913
1.0015
1.0003
1.002
0.99888
0.99947
0.99921
0.99769
1.0001
1.0003
1.0011
1.0007
1.0012
0.99862
1.0019
0.99871
0.99955
1.0035
0.99998
1.0011
0.99938
1.0007
1.0023
0.99905
0.99947
1.0014
1.0026
1.0001
0.99811
1.0013
1.0012
1.002
0.99989
1.0019
1.0027
1.0008
0.99888
1.0009
0.99871
0.99913
1.0012
1.0024
0.99905
1.0012
0.99837
0.99981
0.99828
1.0013
1.0014
0.99989
0.99735
1.002
0.9976
0.99811
0.99871
0.99854
1.0014
1.001
0.99888
1.0005
1.0005
0.9982
1.0013
0.99981
1.002
1.0005
1.0001
0.99888
1.0004
1.0005
0.99964
0.99845
0.99862
1.0004
0.99879
0.99998
1.0028
1.0034
1.0002
0.99726
0.99743
1.0014
1.0007
0.99905
0.99913
0.99896
0.99667
0.99854
1.0001
1.0013
1.0012
1.0012
1.0009
0.99989
1.0007
1.0005
0.99854
1.0001
0.99998
0.99794
1.0011
0.99955
0.99811
0.99803
0.99854
0.99998
1.0004
0.99913
0.99692
0.99616
0.99964
1.0003
0.99955
0.99828
0.99905
0.99837
0.99981
1.0024
1.0024
1.0007
0.99905
0.99905
0.99998
0.99854
0.99989
0.99862
1.0001
0.99998
1.0009
0.9993
0.99828
1.0028
0.99964
1.0007
1.001
0.99998
0.99947
1.0029
0.99888
0.99811
1.0007
1.0026
1.0013
1.0008
1.002
0.99972
0.99989
1.0001
0.9982
0.99921
0.99947
1.0033
0.99989
1.0018
0.99896
0.99752
1.0003
1.0007
0.99735
0.99837
1.0009
0.99718
0.99896
1.0007
1.0026
0.99888
1.0011
1.0001
1.0013
0.99921
0.99879
0.99964
1.0007
1.0009
0.99998
0.99888
1.0029
1.0002
1.0005
0.9993
1.0002
0.99955
1.0012
1.0002
1.0001
1.0001
1.0003
0.99871
1.0035
1.0011
0.99981
1.0012
0.99862
0.99981
0.99998
1.0022
1.0002
1.0001
0.99913
1.0019
1.0029
0.99989
0.99955
0.99675
0.99862
0.99981
0.99735
1.0001
1.0013
1.0014
0.99845
0.99947
1.0002
0.99955
0.99981
0.99743
1.0027
0.99811
1.0015
0.99684
0.99574
0.99938
1.0013
0.99981
0.99828
0.99718
0.99921
1.0008
1.0014
1.0014
1.0008
0.99794
0.99557
0.99794
1.0022
1.0006
0.99921
1.0007
0.99871
0.99921
1.0007
1.0001
0.9993
0.99743
0.99845
1.0029
0.9976
0.99633
0.9976
0.9982
1.0014
0.99964
0.99972
0.99879
0.99735
1.002
1.0011
0.99786
0.99769
0.99879
1.0006
1.0025
1.0008
0.99642
0.99964
0.99811
1.0013
0.99905
0.99955
0.99896
0.99921
1.0007
1.0005
0.99862
0.99888
0.99667
1.0022
0.99557
0.99981
0.9993
0.99981
0.99811
1.0008
1.0009
0.99913
0.99921
1.0024
1.0002
0.99854
0.99913
0.99769
0.99998
0.9982
1.0007
0.99989
0.99675
0.99972
0.99896
1.0018
1.0028
0.99947
0.99854
1.0013
1.0001
0.99752
1.0007
1.0001
0.99964
1.0007
1.0009
0.99879
0.99879
1.0026
0.99955
1.0008
1.001
0.99871
0.99811
0.99896
0.99947
0.9993
0.99998
0.99964
0.99701
0.99709
0.99921
0.99896
1.0001
1.0012
1.0022
1.0004
0.99871
1.001
1.0001
0.99854
1.0003
1.0008
0.99921
1.0003
1.0034
0.99947
1.0016
1.0013
1.004
1.0018
0.99989
0.99947
1.0023
1.0017
1.0028
0.99888
0.99947
1.0008
0.99803
0.99794
1.0005
1.0003
0.9982
1.0018
1.0001
1.0027
1.0006
1.0006
1.0014
0.99845
1.0013
0.99998
1.0012
1.0023
0.99862
1.0008
0.99896
0.99905
0.99947
0.99989
0.99752
0.99955
1.0007
0.99964
1.0003
0.99947
1.0008
1.0003
0.99862
1.0022
0.99896
0.99981
0.99752
0.99921
1.0013
0.99913
1.0007
0.99828
1.0011
0.99998
0.99735
0.99905
1.0008
1.0018
0.9993
0.9993
0.99871
1.0029
1.0004
0.99786
0.9976
0.99964
1.0008
1.0002
1.0001
0.99947
0.99565
0.99828
0.99803
1.0013
0.99921
0.99837
0.99582
0.99896
0.9982
0.99972
1.0005
0.99658
0.9976
1.0007
0.99981
0.99964
1.0011
1.0021
1.0019
0.99871
0.99947
0.99989
0.99955
1.0011
0.99871
1.0017
0.9982
0.99692
1.0032
0.9993
0.99998
0.99905
0.99947
0.99412
0.99921
1.0012
0.99726
0.99777
1.0009
1.0002
1.002
0.99998
1.0016
1.0004
0.9993
0.99871
0.9982
0.99981
1.0024
1.0011
1.0021
0.99811
1.0004
1.0003
1.0002
1.0023
0.99743
1.0012
0.99998
1.0005
0.99879
0.99845
1.0001
1.0017
1.0006
0.99735
0.99845
1.0006
0.99947
1.0003
0.99947
1.0021
0.99998
1.0011
1.0015
0.99964
1.0006
0.99837
0.99633
1.0007
0.9993
1.0007
1.0005
0.99947
0.9993
0.99921
0.99947
0.99896
0.99837
0.99964
0.99854
0.99811
1.0002
1.0018
0.99803
1.0031
1.0007
1.0046
0.99913
1.0013
1.0002
0.99811
1.0003
1.0002
0.99684
0.99803
1.0006
1.001
1.001
0.99709
1.0008
0.99811
1.0003
0.99913
0.99803
0.99964
1.0004
0.99871
0.99905
0.99947
0.99964
0.99938
0.99794
0.99862
1.001
0.99709
1.0025
1.0014
0.99845
0.99888
1.0004
0.99905
1.0018
0.99726
1.0012
1.0017
1.0038
1.0026
1.0026
1.0018
1.0007
0.99786
0.99955
1.0007
1.002
0.99896
1.0006
1.0044
0.99692
0.9982
1.0001
0.99989
1.0013
0.99735
1.0026
0.9965
0.9993
1.0005
1.0003
1.0022
0.99921
1.001
1.0029
1.0036
1.0004
1.0001
0.99828
0.99794
0.99955
1.0025
1.0004
1.0017
0.99701
0.99811
0.99811
0.99582
0.99854
0.99786
0.99989
0.99905
0.99896
0.99947
1.001
1.0001
1.0002
1.0006
1.0013
0.99845
1.0013
0.99879
1.0007
1.0024
0.99964
0.99837
1.0004
1.0009
1.0006
1.0011
0.99947
1.0026
0.99913
1.0001
1.0017
1.0004
1.0023
0.99964
0.99998
1.002
0.99981
0.99803
0.9993
1.0047
1.0018
1.0007
1.001
1.0007
1.0007
0.99888
1.0007
1.0013
0.9993
1.0004
1.0012
1.0002
0.99938
0.99854
1.0035
0.99777
0.99854
1.0012
0.99981
1.0011
0.99981
1.0013
1.0004
1.0018
0.99989
0.99871
1.0018
1.0018
1.0018
1.0027
0.99972
0.99794
1.0008
0.99625
1.0018
1.0017
0.99854
1.0004
0.9993
1.0007
0.99811
1.0001
1.0008
1.0018
1.0002
1.0023
0.99905
0.99862
1.0001
0.99879
1.0021
0.99921
1.0037
1.0014
1.001
1.003
1.0013
0.99998
1.0013
0.99998
1.0016
1.0022
1.0013
1.0003
1.0044
1.0006
1.0001
1.0017
0.99972
0.99964
0.99954
0.99905
1.0016
0.99837
1.0007
1.0011
1.0019
0.99902
0.99969
1.0008
0.99591
0.9993
1.0007
0.99998
0.99947
0.99913
1.0023
1.0027
1.0022
0.99964
0.99769
0.99972
0.99718
1.0027
1.0043
1.001
1.0018
0.99862
0.99828
0.99837
0.99888
0.99879
0.99972
1.0007
0.9993
1.0046
1.0008
1.0001
1.0007
0.99888
0.99913
0.99845
0.99837
1.0002
0.99938
0.99786
1.0009
0.99871
1.0024
0.9976
1.0018
1.0008
1.0018
0.9982
0.99913
1.001
1.0006
1.001
1.0012
1.0034
0.99675
0.99709
1.0029
0.99913
1.0023
0.99718
0.99811
1.0008
0.99667
1.0017
0.99921
1.0005
1.0003
1.0003
1.0028
1.0005
0.99769
0.99803
0.99998
1.0001
1.0001
1.0022
0.99794
1.0011
0.99921
0.99955
0.99955
0.99989
1.0023
0.99896
0.99828
0.99684
1.0014
1.0007
1.0036
0.99718
1.0011
1.0025
1.0008
1.0009
0.99981
0.99692
1.0012
1.0003
0.99811
0.99794
0.99972
1.0018
0.99888
0.99955
0.99684
0.99862
1.0001
1.0005
1.0003
0.99938
1.0016
1.0005
0.99998
0.99777
0.99921
1.0007
1.0009
1.0018
1.003
1.004
1.0018
1.0003
0.99854
1.0024
1.0007
0.99497
1.0001
1.0011
0.99709
1.0001
1.0001
0.99726
0.99989
0.99905
0.99701
0.99837
0.99888
0.99871
0.99854
1.0001
1.0018
1.0012
1.0017
1.0007
1.0002
0.99913
0.99989
1.0003
1.0001
1.0036
1.0016
1.0015
0.99921
1.0024
0.99921
0.99989
1.0007
0.99964
0.99811
1.0013
0.99531
1.0041
1.0013
1.0009
0.9993
0.99854
1.0009
0.9993
0.99955
1.0028
0.99938
0.99726
1.0007
1.0005
1.0018
1.0015
1.0001
0.99972
1.0014
1.001
0.99972
0.99913
0.99743
0.99905
1.0021
0.9982
1.0005
0.99972
1.0035
0.99879
0.99981
1.0014
1.0024
1.0002
0.99803
1.0009
1.0011
0.99938
0.99964
0.9965
1.0013
1.0013
0.99905
0.99769
1.0001
1.0006
0.99718
0.99752
1.0009
0.99913
1.0003
0.9965
1.0014
0.99786
1.0008
1.0003
1.0037
0.99633
1.0017
0.99811
0.99998
1.0004
0.99989
0.99786
0.9993
1.0026
1.0026
0.99888
1.0009
0.99989
0.99854
0.99921
1.0008
1.0007
1.0001
1.0021
0.99896
1.0017
0.99794
1.0019
1.0001
0.99905
0.99905
1.0007
1.0033
0.99888
1.0013
1.0018
0.9982
0.99888
0.99955
0.99786
1.0009
0.99972
1.0001
1.0008
0.9982
1.0002
0.99811
0.99854
0.99955
1.0022
1.0003
1.0007
1.0007
1.0003
1.0009
1.0013
0.99998
1.0013
0.99955
0.99667
0.99658
1.0016
0.99955
0.99752
0.99947
0.99955
0.99701
1.0018
1.0001
1.0036
0.99743
1.0015
0.99989
1.0013
0.99888
0.99955
0.99743
0.99837
1.0012
1.0029
0.99938
1.0026
0.99718
0.99879
0.99837
0.99888
1.0024
1.0007
0.99794
0.99905
0.99888
1.0018
0.99905
0.99726
1.0013
0.99811
1.0002
0.99888
0.99998
0.99811
0.99658
0.9993
0.99701
0.99777
1.0001
1.0012
0.99837
0.99845
1.0011
1.0016
0.99828
0.99862
1.0035
0.99879
0.99905
1.0024
0.99964
0.99955
0.99735
0.99905
1.0012
1.0006
0.99616
0.99921
1.0002
1.0001
0.99811
1.0001
0.99938
0.99879
0.99998
0.99625
1.0009
0.99701
1.0023
0.9965
0.99998
0.99684
0.99989
0.9993
0.99879
1.0025
0.9965
1.0007
1.0005
0.99913
1.0037
0.99955
0.99972
0.99913
1.0009
1.0002
1.0012
0.99913
0.99989
0.99947
0.99862
0.99709
0.99998
0.99854
1.0003
0.99888
0.99743
0.99735
1.0013
1.0027
1.0015
1.0018
0.99972
0.99981
1.0042
1.0012
0.99854
1.0004
1.001
0.99862
0.99921
1.0017
1.0011
0.99964
0.9982
0.99786
1.0006
1.0022
1.0004
0.99913
1.0003
1.002
0.99786
0.99871
0.99964
1.0008
0.99633
0.99837
1.0009
1.0013
1.0012
1.0019
0.99871
0.99709
0.99616
1.0001
1.0032
1.0007
0.99998
1.0004
1.0009
1.0008
0.99998
1.002
1.0024
1.001
1.0021
1.0023
1.0001
1.0016
1.0028
0.99879
0.99913
1.0003
1.003
1.0005
1.0017
0.99684
0.99972
0.99769
1.0027
1.0006
1.0033
0.99726
0.99955
0.99811
1.0001
1.001
0.99947
0.99998
0.99794
0.99981
0.99989
0.99913
0.9993
1.0015
0.99972
0.99871
1.0018
0.99938
1.0029
0.99938
1.0015
1.0001
1.0001
0.99743
1.0015
0.99828
0.99837
1.0007
1.0013
0.99981
1.0004
0.99896
1.0006
1.0006
1.0022
1.0014
1.0002
0.99786
1.0001
0.99769
1.0007
1.0016
1.0035
1.0008
1.0011
1.0024
0.99879
0.99769
0.99845
0.99981
0.99989
1.0012
0.99871
0.99769
0.99964
1.0024
1.0004
0.99777
0.99777
0.99998
1.0011
1.0012
0.99828
1.0012
0.99905
0.99735
0.99854
1.0018
1.0006
0.99905
1.0001
0.99964
0.99888
1.0017
0.99989
0.99692
0.99947
0.99871
0.99955
1.0011
0.99854
0.99828
0.99964
0.99913
1.0014
1.0032
0.99777
1.0009
0.99964
0.99871
1.0011
0.99794
1.0009
0.99913
1.0018
0.99709
0.99896
0.99803
1.0002
0.99794
1.0011
1.0001
1.0004
1.0008
1.0017
1.0013
1.0002
0.99998
0.99913
0.99896
1.0007
0.99684
0.99981
0.99828
1.0008
0.99845
1.0015
0.9993
1.0028
1.0004
0.99989
0.99998
0.99989
1.001
1.0026
0.99871
1.0023
1.0018
1.001
1.0007
0.99862
0.99871
0.99981
1.001
1.001
1.002
0.99675
1.0003
1.0002
0.99888
0.99972
1.0018
1.0005
1.0015
1.0016
1.0001
0.99591
0.99938
0.9993
0.99845
1.0013
1.001
0.9993
1.0031
1.0006
1.0029
0.99972
0.99828
0.99794
1.0031
1.0014
1.0003
1.002
1.0001
1.0011
1.0007
1.0044
1.0018
0.9976
0.99981
0.99972
1.0008
1.0004
0.99862
0.99811
0.99972
0.99837
1.0011
0.99786
1.0006
0.99905
0.99972
0.99921
1.0006
1.0003
1.0011
0.99905
0.99955
1.0002
0.99667
1.0009
0.99684
1.0005
1.0001
0.99955
1.0004
1.0014
0.99938
1.0028
1.0057
0.99862
0.9982
1.0007
0.99845
0.99845
0.99972
1.0022
1.0016
0.99896
0.99955
1.0001
1.0027
0.99964
0.99752
1.0008
0.9993
1.0013
0.99837
1.0001
1.001
1.0003
1.0001
0.99964
1.0016
1.0011
0.99811
0.99879
1.0008
1.0001
1.0018
0.99845
0.99879
1.0013
1.0029
0.99777
0.99947
1.0007
1.0005
1.0005
0.99803
1.0022
0.99811
1.0026
0.99896
1.0022
1.0041
1.0001
0.99964
0.99726
1.0008
1.0013
1.0015
0.99837
1.0013
1.0007
1.0002
0.99862
0.99871
0.99896
1.0011
0.99913
0.99726
1.0025
0.99964
0.99947
1.0007
1.0008
1.0008
0.99913
0.99684
0.99896
0.9993
0.99888
0.99947
1.001
1.0013
0.99658
1.0004
0.99955
0.99947
1.0003
1.0004
1.0005
1.0007
0.99905
1.0007
1.0013
1.0001
1.0027
0.9982
0.99828
0.99981
1.0016
0.99913
0.99989
0.99913
1.0019
1.0018
0.99947
1.0019
0.9993
1.0024
1.0001
1.0007
0.99675
0.99938
1.0003
0.99938
1.0018
1.0004
0.99752
0.99964
0.99981
1.0009
0.99794
1.0008
0.99938
0.99964
0.99718
1.0017
0.99905
1.0005
1.0016
1.0016
0.99752
0.99955
0.99955
1.0011
1.001
1.0017
0.99955
0.99803
1.0007
0.99811
1.002
0.99972
0.99837
1.0002
1.0018
0.9993
0.99972
0.99896
0.99667
1.0005
1.0007
0.99896
1.0027
0.99989
0.99803
0.99998
1.0021
1.0012
0.99989
0.99862
0.99684
0.99947
0.99947
0.99896
1.0018
0.99947
0.99989
0.99879
0.9993
1.0013
1.0029
1.0025
0.99777
0.99888
0.99871
1.0018
1.0013
1.0004
1.0021
1.0001
1.0017
1.0013
0.99862
1.0001
1.0002
1.0013
0.99845
0.99871
0.99938
1.0007
0.99591
1.0002
1.0013
1.0024
1.0003
0.99667
1.0006
0.99905
1.0032
1.0012
1.0004
0.99947
0.99964
0.9993
1.0014
0.99913
1.0008
1.0023
1.0018
1.0022
1.0018
0.99981
1.0011
0.99905
0.99896
0.99718
0.99964
0.99921
0.99828
0.99921
0.99811
1.0001
1.0018
0.99811
1.0024
0.9982
1.0015
0.99794
0.99981
1.0024
1.0007
1.0002
0.99455
0.9982
1.0006
0.99879
0.99794
1.0039
0.99777
0.99871
0.99955
0.99947
0.9993
0.99913
1.0007
1.0009
0.99862
1.0033
1.0024
0.99642
1.0029
0.99871
0.99871
0.99888
0.99786
1.0024
1.0006
1.002
1.0012
1.0001
0.99989
0.99998
1.001
1.0024
0.99947
0.99972
1.0018
1.0024
0.99964
0.99913
1.0044
1.0013
0.9976
1.0001
1.0003
0.99955
0.99964
1.0013
0.99845
0.99913
1.0005
0.99989
1.0002
1.0008
0.9976
0.99888
0.9982
0.99981
0.99854
0.99947
0.99905
0.99718
1.002
1.0001
0.9982
1.0009
0.99972
0.99794
1.0046
0.99862
0.99896
0.99955
0.9976
1.0018
0.99913
0.99905
1.0022
0.99896
1.0008
0.99438
1.0018
0.99938
0.99784
0.99955
0.99862
0.99862
0.99989
1.0017
0.99794
1.0012
0.99837
0.9982
1.0004
0.99905
0.99905
1.0005
1.003
1.0014
0.9993
1.0015
0.9976
0.99828
1.0024
1.0022
0.99828
0.99913
1.0005
1.0007
0.99921
1.0001
0.99981
0.99981
1.0001
1.0004
1.0001
0.99972
1.0004
0.9982
0.99964
0.99964
0.99828
0.99752
0.99888
1.0001
0.99989
1.0007
0.99989
0.99989
0.99998
0.99684
0.99879
0.99845
0.99828
0.99803
0.99938
0.99998
1.0001
0.99905
1.0006
0.99896
0.99964
1.0004
0.99709
1.0003
1.0012
1.0017
1.0004
0.9993
1.0024
0.99692
0.99905
0.99964
1.0007
0.99955
1.001
1.0012
1.0022
1.0018
1.0013
1.0037
1.0027
1.0015
1.0008
1.0013
0.99862
1.0007
1.0007
0.9993
1.0005
1.0007
0.99862
1.0006
1.0013
0.99981
0.99955
0.99709
0.99947
0.99828
1.0017
0.99938
0.99947
1.0033
0.99752
0.99548
0.99998
0.99938
1.0028
1.0014
0.99905
0.99608
1.0016
0.99938
1.0007
0.99989
1.0022
0.99921
0.99692
0.99811
1.003
0.99811
1.0021
1.0009
0.99794
1.0004
1.0024
1.0034
0.99862
0.99786
0.99981
0.99964
1.0015
1.0029
0.99998
0.99998
1.0021
1.0001
1.0009
0.99871
1.0013
1.0002
1.0012
0.99845
0.99989
0.99862
1.0013
0.99938
0.99938
1.001
1.0011
1.0003
0.9993
0.99964
0.99871
1.0005
0.99981
1.0011
1.0005
0.99947
0.99989
0.99964
0.99837
0.99837
1.0014
1.001
1.0012
1.0026
0.99913
0.99972
1.0027
1.0035
0.99972
1.0014
1.0011
0.99964
0.9976
1.0027
0.99938
1.0013
0.99964
1.0006
1.0006
1.0011
1.0009
0.99972
0.99913
0.99998
0.99794
1.0001
1.003
0.99964
0.99845
1.0008
1.0001
1.0012
1.0007
1.0005
0.9982
1.0017
1.001
0.99964
1.0007
1.0005
0.99938
1.0013
0.99955
0.99913
1.0017
0.99981
1.0013
0.99921
0.99862
0.99888
0.9982
0.99981
0.99998
0.9993
1.0021
1.0002
0.99879
0.99828
1.0007
1.0015
0.99803
1.0009
0.9976
0.99845
0.99709
1.0014
1.001
0.99925
1.0007
1.0005
0.99972
0.99998
1.001
0.99905
1.0001
0.99888
1.0018
0.99938
1.0027
0.99667
0.99938
0.99972
1.0024
0.99913
0.99794
0.99998
1.0006
1.0004
1.0009
0.99955
0.99726
1.002
0.99854
0.99871
1.001
0.99871
1.0003
0.99854
0.99989
0.9993
0.99972
1.001
1.0017
0.99828
0.99845
1.0023
1.0002
1.0013
0.99964
1.0008
1.0003
1.0001
0.99769
1.0007
0.99879
1.0007
0.99972
0.99854
1.0012
0.99896
1.0001
1.0005
1.0007
1.0016
0.99981
1.0004
1.001
0.99879
0.99913
0.9993
1.0014
1.0001
1.001
1.002
0.9993
1.0014
1.0004
1.0003
0.99888
1.0001
0.99913
1.0008
1.0036
0.9993
1.0013
1.0007
1.0007
0.99998
1.0004
0.99972
0.99845
0.99913
1.0036
1.0011
1.0017
1.0006
0.99701
1.0032
0.99743
1.0035
1.0012
0.99998
1.0013
0.99675
1.0005
1.001
0.99888
0.99981
1.0011
0.99803
1.0006
0.99794
1.0047
1.0006
1.0006
0.99854
1.0019
1.0011
1.0007
1.0007
1.0001
0.99777
1.0011
1.0007
1.0013
0.99871
1.0011
0.99557
1.0013
1.0005
1.0012
0.99888
1.001
1.0037
0.99642
1.0001
0.99913
0.99871
1.0001
1.0029
0.99938
1.0011
1.0007
0.99701
1.0016
1.0007
1.0012
1.0038
1.001
1.0019
0.99921
0.99955
0.99964
0.99879
1.0015
1.0014
0.99735
0.99972
1.002
0.99879
0.99879
0.99675
0.9976
0.99871
1.0021
1.0001
0.99998
1.0006
1.0004
1.0011
1.0011
1.0023
1.0035
1.0006
0.99871
1.0004
0.99981
1.0013
0.9993
0.99947
1.0021
0.99888
1.0004
0.99743
0.99972
0.99692
0.99905
0.99921
1.0015
0.99828
0.99701
0.99938
0.99921
0.99938
1.0007
1.0029
0.99811
1.003
0.99845
1.0023
1.0004
1.0001
0.99871
0.99981
1.0011
0.99837
1.0007
1.0015
1.0013
1.0013
0.99854
0.99998
1.0029
0.99938
0.9982
0.99718
1.0013
1.0007
0.99642
0.99955
0.99998
0.9993
0.9976
1.0007
0.99871
1.0013
0.99845
1.0007
1.0015
0.99879
1.0002
0.99701
1.0022
0.99913
0.99854
0.99888
1.001
0.9965
0.99811
0.9982
0.99642
0.99947
0.99786
0.99701
0.99794
1.0008
1.0017
0.99938
1.0039
1.0004
1.0022
1.0007
1.0013
1.0003
0.99977
0.99921
1.0002
1.0007
1.0013
1.0013
0.99803
0.99981
1.0005
0.99718
1.0006
0.99938
0.99811
1.0004
1.0007
0.99964
0.99981
1.0011
0.99921
1.001
0.99947
0.99921
1.0024
0.99811
1.0007
1.0002
1.0021
1.0001
0.99989
0.9976
1.0029
1.0012
1.0008
1.0022
0.99854
1.0012
1.0007
1.0008
1.0003
0.99837
0.99777
1.0011
1.0005
1.0029
1.0004
0.99786
1.0008
1.0008
1.0022
0.99777
0.99938
0.99803
0.99938
1.0025
0.99989
1.0041
0.99777
1.0007
0.9965
1.0001
1.0013
1.0039
0.99905
0.99913
1.0011
1.0009
1.0001
1.001
1.0012
1.0002
1.0015
1.003
1.0008
1.0001
1.002
1.0024
0.99871
0.99794
1.0032
0.99718
0.99879
1.0008
1.0013
0.99989
1.0036
0.99964
1.001
1.0018
1.0003
0.99972
1.0001
1.0002
0.99888
1.0006
1.0007
0.99888
0.99938
0.99794
1.0004
1.0022
0.99947
1.0001
1.0002
0.99888
0.99879
0.99921
0.9993
0.99964
1.0008
0.99989
0.99955
1.0006
0.99862
0.99896
1.0033
0.99658
0.99879
1.0007
0.99913
1.0018
1.0034
1.0002
0.99913
0.99879
1.0018
1.0013
1.0005
0.99972
0.99989
0.99879
0.99845
1.0001
0.99854
1.0025
1.0024
1.0001
1.0022
1.001
1.0029
0.99964
1.0002
1.001
1.0004
1.0006
0.99972
1.0005
1.0009
1.0005
0.99557
0.99837
0.99582
1.0023
0.99947
0.99803
0.99735
1.0023
1.0033
0.99905
1.0003
1.0003
0.99837
0.99692
1.0025
0.9993
0.99625
0.99854
0.99777
0.99938
1.0008
1.0035
0.99964
0.99913
1.0003
0.99871
1.0019
0.9982
1.0024
0.99981
0.99964
0.99913
0.99871
1.0013
1.0011
0.99947
0.99964
1.0011
1.0014
1.0002
1.0004
0.99709
0.99862
0.99964
0.99947
0.99947
0.99955
1.0001
1.0003
0.99989
0.99964
1.0032
0.99989
1.0008
1.0002
0.99879
0.99837
1.0028
0.99871
0.99989
0.99888
0.99803
1.0015
1.002
1.0002
0.99821
1.0041
0.99972
0.99999
0.99675
1.0009
0.99938
0.99743
0.99921
1.0017
1.0023
0.99879
0.99726
0.99837
1.0007
1.0024
0.99989
1.0005
0.99845
1.0013
1.0032
1.0013
1.0015
0.9993
0.99905
1.0021
1.0006
1.0013
1.0001
0.99769
0.99777
0.99769
1.0013
0.99862
0.99862
0.99896
0.99837
1.0005
0.99981
0.99871
1.0008
0.99981
1.0005
1.0021
1.001
0.99591
1.0001
1.0015
1.0028
0.99726
0.99854
1.0009
1.001
0.99743
0.99862
0.99828
1.0018
1.0031
0.99921
1.0016
0.99938
0.99828
0.99633
1.0005
1.0016
1.0001
1.0007
1.0021
0.99752
0.99955
0.99972
0.99964
1.0002
0.99938
1.0003
0.99938
1.0005
0.9954
0.99845
0.99684
0.99947
0.9965
1.0018
0.99947
1.0001
1.0026
0.99972
0.99947
0.99998
0.99658
0.99862
0.99938
1.0026
1.0001
0.99981
0.99675
1.0015
1.0024
1.0005
0.99989
1.0026
1.0006
1.0013
1.0008
1.0008
1.0013
0.99905
0.99726
0.99981
1.0018
1.0001
0.99701
1.0022
1.0003
1.0013
1.001
0.99701
1.001
0.9982
1.002
0.99905
0.99989
1.0006
0.99905
0.99989
0.99938
0.99777
0.99726
1.0015
0.99871
0.99633
0.9976
0.99938
0.99777
0.99998
1.0018
0.99837
0.99769
0.99811
1.0013
1.0019
1.0002
1.0009
0.99972
1.0003
1.0009
1.0017
1.0027
1.0013
0.99972
1.0018
0.99913
0.9982
0.9976
1.0011
0.99769
0.9993
1.0006
0.99981
1.0013
0.99854
1.0012
0.99743
1.0013
0.99989
0.99989
1.0001
0.99862
1.0001
1.0015
0.99955
0.99989
0.99888
0.99879
0.99955
0.99964
1.0024
0.99921
0.99718
1.0007
1.0021
0.99769
0.99972
1.0002
1.0003
1.0001
0.9993
1.0022
1.0001
0.99871
0.99896
0.99871
1.0001
1.0007
0.99921
0.99947
0.99921
0.99845
0.99955
1.0007
0.99828
0.99828
1.0001
1.0013
1.0003
1.0018
0.99854
0.99896
1.0002
0.99794
1.0027
1.0009
0.99726
1.0003
0.99998
1.0004
1.0015
0.99854
0.99667
0.99862
1.0001
1.0009
1.0024
1.0004
1.0007
1.0003
0.99896
0.99913
1.0013
1.0003
1.0024
1.0008
0.99642
1.0012
0.99828
1.0009
0.99752
1.0023
0.99769
1.0017
0.99896
0.99879
1.0007
0.99947
1.0017
1.0007
0.9993
1.0008
0.99998
1.0014
1.0012
1.0017
1.0018
0.99955
0.99871
1.0003
0.99955
1.0025
1.0001
1.0014
1.0027
1.0003
1.0016
1.0032
0.99794
0.99998
1.0008
1.0009
1.0012
1.0025
0.99905
1.0006
1.0009
0.99591
0.99938
1.0003
0.99905
0.99905
1.002
1.0032
1.0002
1.0023
1.0017
1.0001
1.0041
1.0006
0.99947
0.99955
0.99828
0.99752
1.0004
1.0026
1.0013
1.0001
1.0014
0.99938
1.0005
0.99794
1.0005
0.99989
1.0022
1.0018
1.0011
0.9948
1.0013
0.99938
1.0007
1.0003
1.0002
0.9993
0.9993
1.0001
0.99684
1.0015
1.0013
1.0021
0.9993
0.99871
0.99955
1.0024
1.0001
0.99955
1.0007
1.0019
0.9982
1.0018
1.0017
1.001
1.0007
1.0018
0.99862
0.99921
0.99905
0.99896
1.0015
0.99905
1.0055
0.99743
1.001
1.0011
0.99921
1.0004
1.0017
1.0011
1.0011
0.99905
0.99998
1.0017
0.99972
0.99862
1.0014
0.99921
1.0004
1.0023
0.99972
1.0003
0.99845
1.0028
1.0024
1.0038
1.0004
0.99972
0.99862
0.99854
1.0007
1.0007
1.0013
0.99879
0.99938
0.99888
1.0026
1.0009
0.99921
0.99828
0.99879
1.0002
1.0005
1.0018
0.99862
1.0037
0.99879
1.0052
1.0004
0.99955
0.99574
0.99896
0.99828
1.0018
1.0003
1.0012
1.0008
0.99905
1.0001
1.0002
1.0013
0.99989
1.0006
1.0014
0.99701
1.0001
1.0007
1.0005
1.001
0.99981
0.99871
0.99896
0.99854
0.99989
1.0024
1.0028
1.0005
0.99964
0.99913
1.0029
1.0003
0.99913
1.0007
1.0013
1.0013
1.0022
1.0001
1.0008
0.99913
1.0032
1.0007
1.001
1.0002
0.99879
0.99964
1.0013
0.99981
1.0002
1.0013
1.001
1.0021
0.99811
0.99955
1.0001
0.99692
0.99947
0.99896
1.0016
1.0031
0.99921
0.99888
1.0026
1.0004
0.99913
0.99828
1.0004
0.99845
0.99769
0.9993
1.0007
0.99843
0.99873
0.99921
1.0005
1.0037
1.0002
0.99828
1.0004
1.0007
1.0042
0.99981
1.0008
0.99921
1.0006
0.9982
0.99854
1.0014
0.9982
1.0004
1.0011
0.99675
1.0002
1.0013
0.99854
1.0025
0.99981
1.0004
0.99938
0.99871
1.0016
1.0004
1.0007
0.9993
0.99947
0.99981
1.0024
0.99955
0.99888
1.0003
1.0007
0.99905
0.99633
0.99845
0.9993
1.0005
0.99888
0.99828
0.99845
1.0019
1.0024
1.0004
1.0001
0.99888
1.0014
0.99828
0.9993
0.99777
0.9976
1.0001
0.99888
0.99955
1.0003
0.99972
0.99777
1.0002
0.99582
1.0017
1.0006
1.001
0.9993
0.99998
1.0018
0.99854
0.99981
0.99879
0.99913
0.99726
0.99964
0.99837
1.0004
0.99905
1.0035
1.0008
0.99667
1.001
0.99845
0.99786
1.0005
1.0006
1.0011
1.0033
0.99845
0.99896
1.0002
0.99913
0.99752
0.99964
1.0013
1.0013
1.0025
1.0018
0.99879
0.99981
1.0011
0.99947
1.0006
1.0001
0.99964
0.99896
1.002
1.0004
1.0015
1.0013
0.99989
1.0022
1.004
1.0008
0.99837
0.99921
0.99684
1.0017
0.99989
1.0032
1.0012
1.0002
1.0021
1.0008
1.002
1.0001
0.99989
0.99913
0.9982
0.9993
1.0024
0.99803
0.99633
0.99896
0.99964
0.99972
1.0002
1.0006
1.0007
1.0015
0.99989
0.99871
0.99938
0.99972
0.99828
0.99726
0.99938
1.0013
0.99989
0.99692
1.0023
1.0035
1.0009
1.0005
1.0007
1.0007
1.0019
1.0017
0.99752
0.99955
0.99921
0.99871
1.0007
0.99692
1.0011
1.0036
0.99938
0.99735
0.99828
0.99964
1.0027
1.0024
0.9993
1.0006
1.0007
1.0019
1.0013
1.0009
0.99888
1.0033
0.99667
0.99989
1.0013
1.0001
0.99854
0.99718
1.0013
1.0036
0.99837
1.0013
0.99888
0.99955
1.0029
0.99837
0.99845
1.0001
0.99743
0.99854
1.0001
1.0007
0.99828
0.9976
1.0016
0.99972
0.99862
0.99726
0.99794
0.99845
1.0001
1.0005
1.0018
0.99938
0.99905
1.0001
1.0008
0.99888
1.0016
0.99862
1.0008
1.0002
1.0012
0.99989
1.0009
1.0023
0.99981
0.99743
0.99794
0.99989
1.0007
0.99811
0.9993
1.0029
1.0007
0.99854
1.0022
1.0012
1.0024
0.9976
0.99743
0.99803
0.99794
1.0005
0.99964
0.99871
1.0017
0.99803
1.0002
1.0029
1.0015
0.99947
0.99675
0.99938
0.99998
0.99989
0.99921
1.0001
1.0007
1.0011
1.0021
0.99989
1.0013
1.0015
0.99955
0.99913
0.99964
1.0014
1.0019
1.0001
0.9982
1.0021
0.9993
1.0007
1.0005
0.99896
1.0006
1.0008
0.99726
1.0006
0.99921
0.99777
1.0011
1.0008
0.99811
0.99905
1.0016
1.0015
0.99972
1.0014
1.0009
1.0029
0.9982
1.0025
1.0011
1.001
1.0048
0.99955
1.0035
1.0027
0.99955
1.0003
1.0023
0.99786
1.001
1.0022
0.99828
1.003
1.0001
1.0047
1.0008
0.99964
1.0007
1.0009
1.001
1.0012
0.99871
1.0026
0.99845
1.0013
1.0009
1.0035
1.0016
0.99989
0.99692
0.99905
0.99854
0.99896
0.99989
0.99981
1.0009
0.99972
1.0018
0.99913
1.0007
1.0016
1.0005
0.99989
0.99811
1.0005
1.002
1.0003
1.0009
1.0001
0.99752
1.0035
0.99905
0.99947
0.99905
1.0029
0.99989
0.99871
1.0033
0.99905
1.001
0.99837
0.99837
0.99921
1.0006
1.0013
1.0003
1.0017
1.0041
1.0005
0.99913
0.99938
1.0011
1.0001
1.0025
1.0009
1.0002
0.99718
0.99964
1.0011
1.0024
1.0007
0.9993
0.99523
0.99777
0.99786
1.0009
0.99981
0.99998
1.0013
1.0004
1.0005
0.99862
1.0005
1.0007
1.0015
0.99828
0.9982
1.0018
1.0012
0.99879
1.0013
0.99921
0.99921
0.99811
1.0002
1.0013
1.002
1.0024
0.99854
0.99913
0.99608
1.0005
1.0018
1.0008
1.0013
1.0018
0.99616
0.99989
0.99506
1.001
1.0021
0.99955
0.99964
1.0025
0.99981
0.99743
1.0001
1.0005
0.99811
0.99888
1.0001
1.0004
1.0017
0.99905
0.99591
1.0011
0.99998
1.0004
1.0002
0.99905
0.99888
1.002
0.99964
0.99888
1.0005
0.99837
1.0013
1.0006
1.0011
0.99955
0.99998
0.9965
1.0032
1.002
1.0002
0.99692
1.0001
1.0029
0.99955
1.0007
1.0004
1.0013
1.0007
0.99777
1.0013
1.0001
0.99964
1.0014
1.0017
1.0007
1.0027
1.0019
0.99998
1.0007
0.99582
1.0014
1.0034
1.0022
0.99921
0.99828
1.0015
0.9993
1.0007
1.0007
1.0006
1.0035
1.0018
0.9982
0.99811
1.0019
1.0012
1.0003
0.99803
0.99888
1.0012
0.99803
1.0015
1.0035
1.0008
1.0001
0.99981
1.0013
0.99938
1.0002
1.004
1.0004
0.99921
1.0001
1.0001
1.002
1.0004
1.002
1.0009
1.0038
1.0019
0.99905
0.99735
0.99972
1.0005
1.0027
0.99955
0.99972
1.0004
0.99989
1.0004
0.99938
0.99743
1.0003
0.99658
0.99845
1.0018
1.0011
0.99981
0.9965
1.0004
1.0001
0.99777
1.0007
1.0005
1.0019
1.0006
0.99879
0.99837
1.0003
1.0023
1.0013
0.99947
1.0029
0.99955
1.0035
1.0013
0.99955
1.0003
1.0002
1.0008
0.99811
1.0016
0.99989
0.99955
0.99905
0.99888
1.0028
0.99913
0.99921
0.9993
1.0017
1.0026
1.0006
0.99888
0.99794
1.0003
0.99981
0.99854
1.0007
1.0025
1.0013
0.99989
1.0019
0.99947
0.99938
0.9982
1.0013
0.99735
1.0008
0.99921
1.0015
0.99794
0.99921
0.99972
0.99794
1.0014
1.0016
1.0002
1.0001
1.0007
1.0022
0.99964
0.99955
0.9982
1.0006
1.0014
1.0016
0.99964
1.0018
0.9993
0.99972
1.0002
0.99888
1.0005
0.99862
0.99989
0.99786
1.0007
0.99862
0.99625
1.0024
0.99879
0.99769
1.0007
1.0039
1.0024
0.99972
0.99769
0.99794
1.0009
0.99726
1.0003
0.99811
0.99726
0.99913
0.99896
1.0011
0.99684
0.99981
1.0013
0.99989
1.0012
1.0012
1.0002
0.99658
1.001
0.99752
1.0018
0.99837
0.99998
0.99888
1.0029
0.99794
1.0019
0.99888
1.0005
1.0007
1.0035
0.99998
1.0011
0.99989
1.0017
1.0007
1.0045
1.0007
0.99828
0.99777
1.0003
0.99667
1.0035
0.99998
1.0001
0.9982
0.99913
0.99828
0.99947
1.0003
0.99786
1.0017
1.0002
1.0023
1.0001
1.0014
1.0005
0.99811
0.99947
0.99989
0.99794
0.99998
0.99938
1.0017
0.9993
0.99845
1.0006
0.99752
1.0064
0.99913
0.99845
0.99879
0.99964
1.0007
1.0025
0.99921
0.99913
0.99905
0.99591
1.0009
1.0032
1.0022
0.99896
0.99752
0.99769
0.99913
0.99981
1.0002
1.0006
0.99981
0.99947
1.0008
0.99938
1.0012
1.001
0.99794
0.99888
0.99888
0.99879
0.99989
1.0014
1.0034
0.99964
0.99871
1.0009
1.0029
0.99811
1.0007
1.0015
1.0013
1.0024
0.99837
0.99879
1.0013
0.99905
0.99981
1.0013
1.002
0.9982
0.99854
1.0003
1.0031
0.99972
1.0007
1.0002
0.99879
1.0006
1.0001
0.99989
0.99794
1.001
0.99964
1.0005
0.99947
0.99769
0.99938
0.99854
1.0001
0.99989
1.0002
1.0007
1.0011
1.0003
0.99955
0.99981
1.0001
1.0002
0.99905
1.0006
0.99837
0.99752
0.99871
0.99811
1.0009
0.9982
1.0013
1.0001
1.0017
0.99854
1.0001
1.0003
0.99701
1.0011
0.99752
0.99667
1.0002
1.0001
1.0007
1.0001
0.99989
0.99905
1.002
1.0023
0.99905
1.0003
1.0001
0.99938
1.0021
1.0049
0.99888
1.0002
1.0013
0.99828
0.99862
0.99972
1.0001
0.99695
0.99701
1.0007
0.99854
1.0024
0.99981
0.99998
0.99412
0.99964
0.99947
0.99981
1.0003
1.0013
1.0002
0.99972
1.0016
0.99955
1.0002
0.99905
1.0029
1.0036
1.0013
1.0001
0.99989
0.99938
1.0013
0.99879
1.0005
0.99743
1.0003
0.99955
0.99879
1.0003
1.0005
0.99955
0.99989
0.99955
0.99964
1.0015
1.0017
1.0028
0.99938
1.0012
0.99981
1.0001
1.0004
1.0004
1.0017
1.0006
1.0001
1.0018
1.0017
1.0038
1.0031
1.0007
0.99777
0.99989
1.0018
0.99913
0.99701
0.99862
1.0002
0.99938
0.99998
1.0011
0.99854
0.99794
1.0014
0.99854
0.99972
1.0031
0.99972
1.0002
0.99786
1.0005
1.0009
0.99989
1.002
0.99599
0.99854
1.0023
0.99888
1.0001
1.0027
1.0009
0.9982
1.0002
1.0003
0.99862
0.9993
1.0006
0.99726
0.99837
0.99752
0.9993
0.99828
0.99964
1.0012
1.0013
1.0004
1.0012
1.001
0.99964
1.0001
0.99803
1.0008
1.0023
0.99828
0.99828
0.99955
0.99879
0.99675
1.0009
1.0012
1.0002
1.0021
0.9976
1.0005
0.99981
0.99989
1.0007
0.99633
1.0034
1.0012
1.0009
0.9993
0.99658
1.004
0.99871
0.99921
1.0038
0.99777
0.9993
0.99701
0.9965
1.0001
1.002
0.99803
1.0012
1.0024
1.0051
0.9982
0.99998
1.0007
0.99752
1.0002
0.99854
0.99905
1.0002
0.99955
1.0019
0.99658
1.0022
1.0035
1.0021
1.0007
0.99947
0.99972
0.99752
0.99955
1.0003
0.99913
1.0022
0.99862
0.99972
1.0005
0.99981
0.99658
1.0027
1.0012
0.99896
1.0001
0.99871
1.0001
0.99701
1.001
0.99794
0.99905
1.0026
0.99955
0.9993
0.99752
0.99862
0.99786
0.99947
0.99888
1.0029
0.99854
0.99972
1.002
1.0008
0.99896
0.99837
0.99989
0.99989
0.99871
1.0017
1.0023
0.99989
0.99938
1.0013
1.0001
0.9965
1.0023
1.0007
0.99981
1.0025
0.9993
1.0018
0.99837
1.0001
0.99888
0.99913
1.0004
1.0001
1.0012
0.99989
1.0007
1.0007
1.0024
0.99837
0.99658
1.0023
0.99955
0.99972
1.0011
0.9993
1.0033
1.0014
0.99726
1.0018
1.0026
0.9976
0.99845
0.99769
0.99896
1.0011
0.99701
1.0004
0.99828
1.0004
0.9993
0.99955
0.99803
1.0012
1.0009
0.99574
1.0026
1.0003
0.99905
1.0019
1.0022
0.99998
0.9993
0.99625
0.99998
0.99905
0.99955
0.99921
0.9976
1.0037
0.99896
0.99972
1.0016
0.99947
0.99608
1.0001
1.0017
1.0009
0.99938
1.0018
0.99811
1.0009
0.99743
0.99888
0.99845
0.99845
0.99998
1.0023
0.99905
1.0007
1.0027
1.0016
1.0021
1.0003
1.0004
1.0028
0.99879
0.99888
1.0009
0.99913
1.0008
1.0001
0.99591
1.0004
0.99938
0.99548
1.0001
1.0007
1.0012
0.99735
1.0001
1.0002
0.99837
1.0018
0.99837
0.99879
1.0018
0.9993
1.0001
0.99998
1.0018
0.99947
1.0002
0.99871
0.99964
1.0001
1.0004
0.99905
0.99854
1.0003
1.0025
1.0009
1.0009
0.99735
1.0016
0.99913
0.99625
1.0038
0.99777
0.99888
0.99989
0.99803
0.99955
0.99921
0.99625
0.9993
1.001
0.99947
0.99905
0.99972
0.99794
0.99684
1.0014
0.99845
1.0008
0.99913
1.0024
0.99811
1.0033
0.99905
0.9976
0.99913
0.99879
0.99871
1.0013
0.99989
1.0019
1.0007
1.0025
1.0013
1.0007
1.0009
1.0028
1.0013
0.99938
1.0007
0.99913
0.99888
1.0022
0.99964
1.0002
1.0001
1.003
0.99888
0.99955
0.99845
1.0013
1.0017
0.99879
1.0006
0.9993
0.99701
1.0007
0.99964
0.99955
0.99981
1.0001
1.0014
0.99905
1.0003
1.0035
1.0004
0.99905
0.99845
1.0036
1.0012
1.0018
1.0009
0.99769
1.0001
1.0011
1.0001
0.99921
1.0007
1.0002
1.0006
0.99896
1.0001
1.0022
1.0012
1.0028
0.9994
0.99998
1.0008
1.0004
0.99684
1.0007
0.99786
1.0023
1.002
1.0001
0.99981
1.0021
1.0007
1.0009
0.99879
0.99913
1.0022
0.99913
1.0025
0.99938
1.0012
0.99895
1.0018
0.99981
1.0019
0.99969
0.99837
1.0002
1.0001
0.99955
0.99947
0.99743
1.0018
0.99777
0.99938
0.99981
1.0014
0.99803
0.99752
0.99845
0.99854
0.99743
0.99871
0.99998
1.0008
0.99947
1.0014
1.0003
1.0005
1.001
1.0007
0.99837
0.99718
1.0008
1.0038
0.99989
0.99955
1.0007
1.0023
1.0002
1.0004
1.0013
0.99862
1.0018
0.99777
0.99913
0.99633
0.99828
0.99879
0.99989
1.0001
0.99811
1.0018
1.0015
1.0029
1.0025
1.0008
0.99786
0.99896
1.0015
0.99981
1.0011
0.9993
0.99972
0.99955
1.0033
0.99998
1.0013
0.99947
0.99964
1.0004
1.0003
1.0029
0.99921
0.99811
1.001
0.99947
1.0004
1.0026
0.99616
1.001
1.0024
0.99828
1.0024
1.0007
0.99905
1.0013
1.0003
1.002
1.0041
0.99777
1.0011
1.0003
1.0027
1.0018
0.99955
1.0035
1.0007
1.0006
0.99769
0.99938
1.0011
0.99972
1.0013
0.99989
0.99888
0.99981
1.0005
1.0023
1.0023
1.0022
0.99896
1.0018
0.99896
1.0006
0.99794
0.99608
0.99854
0.99599
1.0023
0.99964
0.99871
1.0007
1.0021
1.0029
1.0003
1.001
0.99888
0.99845
1.0001
0.99735
1.001
0.99913
1.0023
1.0011
1.0012
0.9993
0.99913
0.9982
0.99989
0.99701
1.0009
0.99955
0.99735
1.0007
1.0007
0.99854
0.9993
0.99938
1.0007
0.99989
0.9948
1.0004
0.99964
0.99955
1.0021
0.9982
1.0007
1.0028
1.0009
1.0007
1.0024
1.0013
0.99862
0.99811
0.9993
0.99981
0.99947
0.99879
0.9993
1.0027
1.0009
1.0003
1.0018
1.0014
0.9976
0.99879
1.0001
1.0018
1.0034
0.99998
1.0018
1.0015
1.0035
0.99752
0.99803
0.99913
0.99726
1.0013
0.99913
0.99786
0.99879
0.99777
0.99998
0.99675
1.0004
0.99905
0.99955
0.99794
0.99972
0.99871
1.0002
1.0007
0.99591
1.0011
1.001
0.99879
1.0016
0.99981
1.003
0.99921
1.0015
1.0005
0.99658
0.99981
1.0009
0.99854
0.99955
0.99854
0.99701
1.0014
0.9993
0.9982
0.99964
0.9982
1.0009
0.99913
1.0012
1.0007
1.0037
1.0005
1.0014
1.0009
0.99896
0.99998
0.99633
1.001
0.99625
0.9976
0.99743
0.99769
1.0004
1.0014
0.9993
1.0015
0.99608
0.99888
0.99709
1.0006
1.0023
0.99964
1.0029
1.0013
0.99888
0.9982
0.99837
0.99989
0.99888
0.99854
1.0021
1.0003
1.0004
1.0007
1.0013
0.99989
0.99701
0.99837
1.0035
1.0035
0.99692
1.0006
1.0015
1.001
0.99794
0.99896
1.0004
0.99905
1.0027
1.0006
0.99879
1.0035
0.99972
1.0001
1.0008
1.0029
0.99854
0.99854
0.99989
1.0026
0.99421
0.99938
1.0013
0.99828
1.0013
0.9993
0.99862
1.0018
0.99854
0.99921
0.99828
1.0037
1.0001
0.99972
0.99972
1.0007
1.0007
1.0004
1.0001
1.0015
0.99701
1.0013
0.99845
0.99921
1.0008
1.0001
1.0012
0.99871
0.99947
0.99905
0.99981
0.99998
1.0008
1.0003
0.99938
0.9993
1.0007
1.0034
0.99871
0.99811
1.0001
0.99998
0.99998
1.0011
1.0003
1.0041
0.99913
1.0015
0.99794
1.0008
1.0001
1.0005
1.0017
1.0007
0.99862
1.0008
1.0025
1.0009
1.0004
0.99871
0.99862
1.0011
1.0018
0.99879
0.99718
0.99972
0.99786
1.0025
0.99828
1.0003
0.99709
0.99972
1.0025
0.99879
0.99879
1.0005
1.0001
1.0015
1.0001
1.0013
1.0028
0.99854
0.99387
0.99888
0.99905
1.0021
1.0026
1.0001
0.99794
1.002
0.99811
0.99947
1.0011
1.0012
0.99854
0.99862
0.99964
0.99981
1.0003
1.0038
1.0002
1.0012
0.99837
0.99803
0.9993
1.0024
0.99828
0.99964
1.0002
1.0043
0.99905
1.0014
1.003
0.99862
0.99871
0.99921
1.0013
1.0006
1.0005
0.99947
0.99777
0.9993
1.002
1.0009
1.0017
0.99905
0.99616
0.99625
1.0001
1.0001
0.99981
0.9993
1.0001
0.99862
0.99752
1.0013
1.0007
0.99701
1.0009
1.0001
1.0013
0.9982
1.0021
0.99964
1.0022
1.0038
1.0001
0.9982
1.0015
0.99964
0.99947
0.99888
0.99964
0.99862
1.0026
1.0001
1.0023
0.99964
1.0024
0.99854
1.0001
1.0029
0.99803
0.99879
1.0011
1.0009
0.99905
1.0015
0.99964
1.0005
0.99938
1.0004
1.0019
1.0012
0.99828
0.99998
1.0005
0.99879
1.0008
1.0013
1.0037
1.0001
0.99726
0.99955
0.99947
1.0013
0.99947
1.0031
1.0012
0.99811
1.0013
1.0016
1.0005
0.99938
1.0001
0.99879
1.0035
0.99905
0.99828
0.99777
1.0011
0.99675
1.0002
1.0005
1.0009
0.99871
1.0011
1.0006
0.99981
1.0006
1.0001
0.9954
1.0024
0.99828
0.99879
1.0028
1.0007
0.99735
0.99871
1.0013
0.99998
0.99905
1.0023
0.99769
1.0002
0.99989
1.0018
1.0001
1.0033
0.99913
0.99964
0.99531
1.0021
1.0006
1.0003
1.0013
1.0028
0.99989
0.99955
1.0003
0.99998
0.99845
0.99955
1.0005
1.0013
0.99972
0.99743
1.0047
1.0034
1.0002
1.0001
1.0002
0.99879
0.99726
0.9993
1.001
0.99896
0.99896
1.0012
1.0001
1.0002
1.0016
1.0006
1.0013
1.0032
0.99981
0.9982
1.001
0.99921
1.0004
0.99955
0.99938
0.99862
1.0012
1.0019
0.99845
0.99854
1.0003
1.0001
0.99888
1.002
1.0014
0.99625
1.0007
1.0013
0.99879
0.99786
1.002
0.99752
0.99718
0.9993
1.001
0.99947
0.99964
1.0022
1.0001
0.9982
0.9993
0.99955
1.0006
0.99947
1.0004
0.99913
1.001
1.0003
1.0045
0.99896
1.0003
0.99862
1.0001
0.99998
0.99718
0.99905
1.0006
0.9993
1.0007
0.99854
0.99998
0.99879
1.0055
1.0017
0.99896
0.99998
1.0007
0.99964
1.0003
0.99837
1.0018
1.0027
1.0025
0.99938
0.99896
1.0001
0.99531
1.0004
0.99938
1.0057
1.0015
0.99981
1.0041
0.99998
1.0014
0.99905
0.99896
1.0006
1.0024
0.99905
0.99777
1.0012
0.99938
1.0007
1.0007
0.99871
0.99811
1.0003
0.99964
0.99879
0.9954
0.99947
1.0007
0.99769
1.0024
0.99557
0.99803
1.0004
1.0005
0.99921
1.0026
1.0041
0.99718
1.0016
0.99921
1.0022
0.99981
0.99921
0.99981
1.0025
1.0016
1.0013
0.99896
1.0006
1.0002
1.0018
0.99989
0.99905
1.0005
1.0019
1.0001
1.0007
1.0002
0.99701
0.99938
0.99964
1.0015
0.9976
0.9993
1.0002
0.99837
1.0001
1.0003
0.99972
0.99913
1.0014
1.0012
0.99633
1.0016
0.99684
1.001
0.99701
1.0021
0.99921
1.0009
1.0007
0.99905
0.99786
1.0001
0.99786
0.99964
1.0021
0.99786
0.99888
0.99998
0.99873
1.0001
0.99947
0.99905
0.99964
1.0018
1.0004
1.0029
1.0029
0.99888
0.9993
0.99837
1.0007
1.0025
1.0004
0.99608
0.99845
1.0033
0.99921
1.0021
1.0008
1.0026
1.0002
1.0024
0.99938
1.0009
1.0011
1.0001
1.0035
0.99726
0.99811
0.99845
0.99998
0.99998
0.99938
0.99989
1.0007
1.0007
1.0022
0.99964
1.0023
1.0037
1.0022
1.0004
1.0014
0.99854
1.0011
0.99871
0.99862
1.0007
1.0036
1.0012
0.99803
0.99972
0.99709
0.99828
1.0014
1.0012
1.0004
1.0033
0.99947
1.0006
1.001
1.0003
0.9982
0.99913
1.0001
1.0006
0.99786
1.0034
0.99803
1.003
1.0036
1.004
0.99786
0.99955
1.0022
1.0003
0.99735
0.99896
1.0006
0.99709
0.99989
1.0008
0.99921
1.0013
1.001
0.99854
1.0007
0.99964
1.0023
1.0024
1.0004
1.0012
1.0001
1.0011
0.99837
1.0002
0.9993
1.0022
0.99701
1.0032
0.99743
0.99743
1.0011
0.99989
1.0014
0.9982
1.0018
0.99896
0.99828
1.0017
1.0023
1.0021
1.0013
0.99854
1.0029
0.99981
0.99955
1.0011
1.0015
0.9982
1.0009
0.9954
0.99769
1.0024
1.0008
0.99955
0.99845
0.9982
1.0013
0.99947
0.99913
0.9976
1.002
0.99803
0.99981
1.0025
0.99981
0.9982
0.99921
1.0013
1.0007
0.99896
1.0006
1.0011
1.0021
1.0015
0.99608
0.99828
1.0008
0.99955
1.0024
0.9982
1.0007
0.9993
1.0004
1.0007
0.99947
1.0006
0.99896
0.99769
0.99921
1.003
1.0011
1.0024
0.99701
0.9982
1.0017
0.99989
0.99964
0.99743
1.001
0.99845
0.99769
1.0008
0.99947
0.99888
1.0013
1.0001
1.0025
1.0018
0.99938
0.99879
1.0017
0.99743
0.9976
1.0015
0.99667
0.9976
0.99794
0.99803
1.0002
1.0018
1.0001
1.002
1.0026
0.99701
1.0001
1.0024
1.0009
0.99998
0.99862
0.99854
1.0007
1.0013
1.0024
0.99947
0.9976
0.99921
0.99692
0.99955
1.0008
0.99871
0.99871
1.0014
0.99964
0.99955
1.0041
0.99633
1.0001
0.9976
1.0007
1.0021
0.99769
0.99905
0.99828
0.99998
1.0063
1.0001
1.0025
0.99854
0.99981
0.99871
0.99888
1.0001
1.0001
1.0026
0.99913
1.0004
0.9976
1.0001
1.0016
1.0007
1.0025
1.0026
1.0005
0.9993
1.0001
0.99752
1.0001
0.99743
0.99896
0.99913
1.004
1.0021
1.0019
0.99972
0.9993
0.99972
1.0007
1.0003
0.99913
1.0002
1.0001
0.99964
0.99964
1.0029
0.99582
0.99955
0.99905
1.0011
0.99828
0.99803
0.99938
0.99837
0.99955
1.0008
1.0003
0.99905
0.99871
0.9993
1.0002
0.99879
0.99811
0.99675
0.99879
1.0013
0.99947
1.0007
0.9993
1.002
1.0014
1.0009
0.99752
1.0007
0.99888
0.99871
1.0002
1.003
0.99981
1.0011
1.0003
1.0001
0.99998
0.99777
1.0003
0.99684
1.0013
1.001
0.99811
0.99998
0.99964
1.0001
1.0012
1.0035
1.0018
0.99989
0.99718
0.99726
1.0003
0.99972
0.99989
0.99828
0.99938
0.99998
0.99888
1.0001
1.0027
0.99871
0.99947
0.99964
1.001
1.0032
0.99955
1.0005
1.0032
1.0003
1.0025
1.0021
1.0005
0.9982
1.0018
0.99913
0.99998
1.0004
0.9993
1.0045
1.003
0.99879
0.99998
1.0011
1.0013
1.0018
1.0046
0.9993
1.0007
1.0002
0.99989
0.99811
1.0011
1.0041
1.0017
0.99858
0.99845
1.0014
1.0022
0.99743
1.0005
1.0049
1.0018
0.99879
0.99871
0.99854
0.99862
0.99964
0.99998
1.0013
0.99896
0.99955
1.0023
0.99981
0.9982
0.99709
0.99989
0.99947
0.9954
1.0006
1.0005
1.0029
0.99998
1.0015
1.0023
0.99989
0.99938
0.99989
1.0024
0.99888
1.0008
1.0034
1.001
0.99837
1.0001
1.0015
1.0026
1.0042
1.0017
1.0001
1.0014
0.99701
1.0017
0.99955
0.99854
0.99913
1.0009
0.99955
1.0009
0.99769
1.0001
1.0004
1.0024
1.0024
1.0009
1.0027
0.99921
1.0014
0.99752
1.0004
1.0017
0.99692
1.0022
1.0025
1.001
0.99964
0.99938
0.99896
1.0035
0.99692
0.99684
0.99972
0.99947
0.99871
1.0007
1.0015
0.99879
1.0015
0.99752
1.0004
0.99854
1.0004
0.9993
1.0054
1.0001
1.0013
0.99642
1.001
0.99896
1.0015
1.0008
1.0012
1.0012
1.0016
1.0014
1.0008
1.0012
0.99913
1.0001
0.99921
1.0009
0.99769
1.0002
0.99981
0.99777
1.0001
0.99896
0.99794
0.99769
1.0024
0.99955
0.99947
1.0003
0.9993
0.99905
1.0002
1.0024
0.99947
0.99769
1.0018
1.0014
1.0018
1.0001
0.99845
1.0005
1.0013
1.0017
1.0024
0.99786
0.99845
1.0019
1.0013
1.0013
0.99998
0.9976
1.0002
1.0008
0.99981
1.0007
1.0025
1.0001
0.99777
1.001
1.0013
0.99854
1.0024
1.0004
1.0007
1.0013
1.0006
1.0009
1.0028
0.99675
0.99896
1.0046
0.99955
1.0019
1.0007
1.0025
0.99828
1.0004
1.0001
0.9976
0.99964
1.0015
1.0002
1.0007
1.0052
0.99913
1.0013
0.99989
0.99608
0.99888
0.99989
1.0028
1.0001
0.99709
1.0011
1.0007
1.0027
0.99921
0.99955
1.0008
0.99981
0.99938
1.0015
1.0002
0.99854
1.0021
0.99896
1.0016
0.99921
1.0007
0.99599
1.0028
1.0033
1.0007
0.99972
0.99972
1.0021
0.99786
0.99938
1.0009
1.0024
1.0004
0.99811
0.99845
0.99726
0.99752
0.99998
1.0026
1.0026
0.99896
1.0024
0.99998
1.0017
0.99981
0.99955
1.0007
1.0021
0.99871
0.99616
1.0021
1.0009
0.99921
1.001
0.99854
1.0019
0.99642
1.0024
1.0012
1.003
1.0018
1.0035
1.0003
1.0016
1.003
1.0029
0.9982
1.0005
0.99981
0.9993
1.0001
0.99896
0.99862
1.0019
0.99777
0.99905
1.0026
1.0007
0.99964
0.99828
1.0017
0.99981
1.0009
1.0019
1.0016
1.0005
0.99972
0.99972
0.99947
1.0014
1.0055
1.0001
0.9976
0.9993
0.99752
1.0011
0.99837
1.0031
0.99599
0.99972
0.99769
0.99888
0.9993
1.0003
0.99964
0.99998
1.0005
0.99964
0.99896
0.99998
1.0029
1.0015
0.99854
0.99828
0.99871
1.0027
1.0018
0.99998
0.99905
1.0024
1.0017
0.99854
1.0007
1.0011
1.0015
1.0008
0.99837
1.0018
0.99921
1.0015
1.0002
0.99921
0.99905
1.0018
0.99947
0.99964
1.0037
1.0003
0.99998
0.99905
1.0001
0.99786
0.99743
1.0001
0.99989
0.99871
1.0011
0.99905
1.001
1.0037
0.99989
0.99905
0.99972
1.0012
0.99879
1.0044
1.0025
0.9993
1.0009
0.99905
0.9976
0.99947
1.0013
0.99913
0.99879
0.99879
0.99955
1.0005
1.0006
1.0018
0.99964
0.99896
0.99854
1.0007
1.0009
1.0024
1.0036
0.99845
1.0015
1.0003
1.0015
1.0001
0.99921
0.99947
1.0003
1.0007
1.0007
0.99888
1.0016
1.0018
0.99955
1.0023
0.99777
0.99854
1.0018
0.99743
1.0033
1.0016
1.0019
0.99743
0.99921
1.0003
0.9993
1.0019
1.0029
0.99895
0.99752
0.99888
0.99599
0.99913
1.0007
1.0017
1.0008
1.001
1.0001
0.99955
1.0002
1.0006
1.0013
0.99964
0.99947
1.0007
1.0001
1.0007
1.0018
0.99879
0.99803
0.99811
1.0018
1.0015
1.0018
0.9993
1.001
1.0001
0.99938
0.99794
1.0004
1.002
0.99854
0.99947
1.0012
0.99862
1.0003
0.99989
0.99972
1.0003
0.99989
0.99735
0.99777
0.99989
1.0018
0.99752
0.99879
0.9982
0.99701
0.9982
0.99845
1.0018
1.0041
0.99947
1.0016
0.99998
1.0035
1.0006
1.0025
1.0018
1.0013
1.002
1.0022
0.99938
1.0011
0.99896
1.0034
0.99972
0.99981
0.99871
1.0011
0.99896
0.99845
0.99888
1.0001
0.99888
1.0025
1.0008
0.9993
0.99955
1.0013
1.0009
0.99981
1.0012
1.0036
0.99981
0.99913
1.0007
1.0025
0.99794
0.99862
0.99998
1.0029
1.0012
0.99981
1.0006
1.0017
1.001
0.99989
1.0021
1.0024
1.0004
1.0018
0.99938
0.99692
1.0026
0.99794
0.99998
0.9993
0.99972
0.99896
0.99862
1.0022
0.99701
0.99845
1.0001
1.0006
0.99921
0.99921
0.9993
1.0011
1.0007
0.99955
1.0022
1.0013
0.99955
1.0018
0.99989
0.99989
1.0007
1.0006
1.0012
0.99947
1.0013
0.99947
1.0046
0.99998
1.0015
0.99879
0.99633
1.0003
0.99938
1.0027
1.0007
1.0012
1.0017
1.0007
1.002
0.99608
0.9993
1.001
0.9965
0.99608
1.0004
1.0001
1.0013
1.002
0.99794
1.0032
0.99752
1.0022
1.0003
1.0018
1.0023
1.0001
0.99862
0.99777
1.0029
0.99947
1.0009
0.99981
1.0013
1.0029
0.99964
1.0038
1.0014
1.0017
1.0013
1.0003
1.0007
1.0002
1.0027
1.0012
1.0027
0.99905
0.99803
0.99955
1.0019
1.0027
1.0024
0.99913
1.0002
0.99896
1.0004
0.99981
1.0004
1.0014
1.0019
0.99888
1.0005
1.0008
1.0005
1.0001
0.99726
0.99955
0.99981
0.99828
0.99828
1.0006
1.0001
1.0023
1.0018
0.99981
0.99989
1.0014
0.99955
0.99743
1.0005
0.99972
0.99828
1.001
0.99896
1.0032
1.0003
1.0006
1.0019
0.99938
0.99879
0.99913
1.0018
0.99769
0.99964
1.002
1.0016
1.0022
0.99913
0.99726
0.99989
0.99913
1.0024
1.0008
0.99955
0.99905
1.0011
0.99938
1.002
0.99989
0.99921
1.0001
0.99964
1.0002
1.0013
0.99955
0.99845
0.99888
0.99828
0.99896
1.0001
1.0024
0.99862
0.99947
0.99991
0.99769
0.99854
1.0015
0.99913
0.99294
0.99735
1.0018
0.99989
1.0007
1.0024
0.99998
0.99769
1.0021
0.99955
1.0039
1.0016
0.99964
1.0011
1.0006
1.0006
1.0012
0.9965
1.0003
1.0001
1.0024
1.0001
0.99905
0.99675
1.0014
0.99972
0.99989
1.002
1.0015
1.0002
1.0004
0.99837
0.99608
1.0025
0.99947
0.99896
1.0013
0.99845
0.99862
1.0017
1.0022
1.0003
0.99888
1.0026
0.99803
1.0014
1.0002
0.99972
0.99828
1.0012
1.0024
0.99938
0.99794
0.99938
0.99845
0.99989
0.99913
1.0008
0.99871
1.002
1.0014
1.001
0.99837
0.99896
1.0007
1.0005
0.99989
1.0015
0.99938
1.0018
1.0009
1.0005
0.99955
0.99913
1.0028
0.99675
1.0021
0.99989
0.99828
1.0022
1.0017
0.99879
0.99879
0.99828
1.0002
1.0007
0.99972
1.0029
0.99896
1.0007
1.0002
0.99726
1.0012
0.99964
0.99684
0.99955
1.0001
1.0001
0.99879
0.99905
1.0024
0.99913
0.99998
0.99913
0.99616
0.99879
1.0034
0.9982
1.0011
1.0016
1.0016
0.99998
1.002
0.99913
0.99752
1.0024
1.0015
1.0007
1.0015
1.0018
1.0002
1.002
1.0019
1.0005
1.0002
1.0002
1.0006
0.9982
0.99803
0.99803
0.99879
0.99938
